"","EVENT","DAYS_TO_LAST_FOLLOWUP","AGE","GENDER","Basal-like","LuminalB","HER2-enriched","Normal-like","T2","T3","T4","TX"
"TCGA-A1-A0SB",0,259,70,1,0,0,0,0,0,0,0,0
"TCGA-A1-A0SD",0,437,59,1,0,0,0,0,1,0,0,0
"TCGA-A1-A0SE",0,1321,56,1,0,0,0,0,0,0,0,0
"TCGA-A1-A0SF",0,1463,54,1,0,0,0,0,1,0,0,0
"TCGA-A1-A0SG",0,434,61,1,0,0,0,0,1,0,0,0
"TCGA-A1-A0SH",0,1437,39,1,0,0,0,0,1,0,0,0
"TCGA-A1-A0SI",0,635,52,1,0,0,0,0,1,0,0,0
"TCGA-A1-A0SJ",0,416,39,1,0,0,0,0,0,1,0,0
"TCGA-A1-A0SK",1,967,54,1,1,0,0,0,1,0,0,0
"TCGA-A1-A0SM",0,242,77,0,0,1,0,0,1,0,0,0
"TCGA-A1-A0SN",0,1196,50,1,0,0,0,0,0,0,0,0
"TCGA-A1-A0SO",0,852,67,1,1,0,0,0,1,0,0,0
"TCGA-A1-A0SP",0,584,40,1,0,0,0,0,1,0,0,0
"TCGA-A1-A0SQ",0,554,45,1,0,0,0,0,1,0,0,0
"TCGA-A2-A04N",0,3153,66,1,0,0,0,0,0,0,0,0
"TCGA-A2-A04P",1,548,36,1,1,0,0,0,1,0,0,0
"TCGA-A2-A04Q",0,2179,48,1,1,0,0,0,0,0,0,0
"TCGA-A2-A04R",0,2365,36,1,0,1,0,0,0,0,0,0
"TCGA-A2-A04T",0,1950,62,1,1,0,0,0,1,0,0,0
"TCGA-A2-A04U",0,671,47,1,1,0,0,0,1,0,0,0
"TCGA-A2-A04V",1,1920,39,1,0,0,0,0,1,0,0,0
"TCGA-A2-A04W",0,1918,50,1,0,0,1,0,1,0,0,0
"TCGA-A2-A04X",0,1349,34,1,0,0,1,0,1,0,0,0
"TCGA-A2-A04Y",0,764,53,1,0,0,0,0,1,0,0,0
"TCGA-A2-A0CK",0,3820,60,1,0,0,0,0,0,0,0,0
"TCGA-A2-A0CL",0,1827,37,1,0,0,1,0,0,1,0,0
"TCGA-A2-A0CM",1,754,40,1,1,0,0,0,1,0,0,0
"TCGA-A2-A0CO",1,3409,85,1,0,0,0,0,0,0,0,0
"TCGA-A2-A0CP",0,2495,60,1,0,0,0,0,0,0,0,0
"TCGA-A2-A0CQ",0,2393,62,1,0,0,0,0,0,0,0,0
"TCGA-A2-A0CR",0,2955,54,1,0,0,0,0,0,0,0,0
"TCGA-A2-A0CS",0,2298,73,1,0,0,0,0,0,0,1,0
"TCGA-A2-A0CT",0,1918,71,1,0,1,0,0,1,0,0,0
"TCGA-A2-A0CU",1,158,73,1,0,0,0,0,1,0,0,0
"TCGA-A2-A0CV",0,1870,41,1,0,0,0,0,1,0,0,0
"TCGA-A2-A0CW",0,1750,67,1,0,1,0,0,1,0,0,0
"TCGA-A2-A0CX",0,1303,52,1,0,0,1,0,1,0,0,0
"TCGA-A2-A0CY",0,1288,63,1,0,0,1,0,1,0,0,0
"TCGA-A2-A0CZ",0,1339,46,1,0,0,0,0,1,0,0,0
"TCGA-A2-A0D0",0,643,60,1,1,0,0,0,1,0,0,0
"TCGA-A2-A0D1",0,786,76,1,0,0,1,0,1,0,0,0
"TCGA-A2-A0D2",0,761,45,1,1,0,0,0,1,0,0,0
"TCGA-A2-A0D3",0,736,42,1,0,0,0,0,0,0,0,0
"TCGA-A2-A0D4",0,496,37,1,0,1,0,0,1,0,0,0
"TCGA-A2-A0EM",0,2758,73,1,0,0,0,0,0,0,0,0
"TCGA-A2-A0EN",0,4088,70,1,0,0,0,0,1,0,0,0
"TCGA-A2-A0EO",0,2181,54,1,0,0,0,0,0,0,0,0
"TCGA-A2-A0EQ",0,2053,64,1,0,0,1,0,1,0,0,0
"TCGA-A2-A0ER",0,1903,63,1,0,1,0,0,0,0,0,0
"TCGA-A2-A0ES",0,1001,52,1,0,0,0,0,1,0,0,0
"TCGA-A2-A0ET",0,807,58,1,0,0,0,0,1,0,0,0
"TCGA-A2-A0EU",0,733,79,1,0,0,0,0,0,0,0,0
"TCGA-A2-A0EV",0,545,80,1,0,0,0,0,0,0,0,0
"TCGA-A2-A0EW",0,770,53,1,0,0,0,0,0,0,0,0
"TCGA-A2-A0EX",0,550,46,1,0,0,0,0,0,1,0,0
"TCGA-A2-A0EY",0,485,62,1,0,1,0,0,1,0,0,0
"TCGA-A2-A0ST",0,2619,62,1,1,0,0,0,0,0,0,0
"TCGA-A2-A0SU",0,1352,66,1,0,0,0,0,1,0,0,0
"TCGA-A2-A0SV",1,825,63,1,0,1,0,0,1,0,0,0
"TCGA-A2-A0SW",1,1365,82,1,0,1,0,0,1,0,0,0
"TCGA-A2-A0SX",0,1288,48,1,1,0,0,0,0,0,0,0
"TCGA-A2-A0SY",0,1154,62,1,0,0,0,0,0,1,0,0
"TCGA-A2-A0T0",0,337,59,1,1,0,0,0,1,0,0,0
"TCGA-A2-A0T1",0,323,55,1,0,0,1,0,0,1,0,0
"TCGA-A2-A0T2",1,255,66,1,1,0,0,0,0,1,0,0
"TCGA-A2-A0T3",0,456,37,1,0,1,0,0,0,0,0,0
"TCGA-A2-A0T4",0,395,62,1,0,1,0,0,1,0,0,0
"TCGA-A2-A0T5",0,321,39,1,0,0,0,0,1,0,0,0
"TCGA-A2-A0T6",0,344,50,1,0,0,0,0,0,1,0,0
"TCGA-A2-A0T7",0,397,51,1,0,0,0,0,1,0,0,0
"TCGA-A2-A0YC",0,644,59,1,0,0,0,0,1,0,0,0
"TCGA-A2-A0YD",0,550,63,1,0,0,0,0,0,1,0,0
"TCGA-A2-A0YE",0,253,48,1,1,0,0,0,1,0,0,0
"TCGA-A2-A0YF",0,289,67,1,0,0,0,0,0,0,0,0
"TCGA-A2-A0YG",0,404,63,1,0,1,0,0,1,0,0,0
"TCGA-A2-A0YH",0,379,53,1,0,1,0,0,1,0,0,0
"TCGA-A2-A0YI",0,358,62,1,0,0,0,0,0,0,0,0
"TCGA-A2-A0YJ",0,326,39,1,1,0,0,0,0,1,0,0
"TCGA-A2-A0YK",0,334,61,1,0,0,0,1,1,0,0,0
"TCGA-A2-A0YL",0,268,48,1,0,0,0,0,0,1,0,0
"TCGA-A2-A0YM",0,662,67,1,1,0,0,0,1,0,0,0
"TCGA-A2-A0YT",1,723,56,1,0,0,0,0,0,0,1,0
"TCGA-A2-A1FV",0,461,74,1,0,0,0,0,0,1,0,0
"TCGA-A2-A1FW",0,221,62,1,0,0,0,0,0,1,0,0
"TCGA-A2-A1FX",0,935,61,1,0,0,0,0,0,1,0,0
"TCGA-A2-A1FZ",0,410,63,1,0,0,0,0,1,0,0,0
"TCGA-A2-A1G0",0,380,49,1,0,0,0,0,1,0,0,0
"TCGA-A2-A1G1",0,371,85,1,0,0,0,0,1,0,0,0
"TCGA-A2-A1G4",0,372,71,1,0,0,0,0,0,1,0,0
"TCGA-A2-A1G6",0,132,50,1,0,0,0,0,1,0,0,0
"TCGA-A2-A259",0,1286,70,1,0,0,0,0,0,0,0,0
"TCGA-A2-A25A",0,2968,44,1,0,0,0,0,1,0,0,0
"TCGA-A2-A25B",0,258,39,1,0,0,0,0,1,0,0,0
"TCGA-A2-A25C",0,285,50,1,0,0,0,0,1,0,0,0
"TCGA-A2-A25D",0,243,90,1,0,0,0,0,1,0,0,0
"TCGA-A2-A25E",0,2511,34,1,0,0,0,0,1,0,0,0
"TCGA-A2-A25F",0,114,66,1,0,0,0,0,1,0,0,0
"TCGA-A2-A3KC",0,363,55,1,0,0,0,0,0,0,0,0
"TCGA-A2-A3KD",0,804,47,1,0,0,0,0,0,0,0,0
"TCGA-A7-A0CD",0,171,66,1,0,0,0,0,0,0,0,0
"TCGA-A7-A0CE",0,254,57,1,1,0,0,0,1,0,0,0
"TCGA-A7-A0CG",0,167,78,1,0,0,0,0,1,0,0,0
"TCGA-A7-A0CH",0,162,79,1,0,0,0,0,1,0,0,0
"TCGA-A7-A0CJ",0,189,57,1,0,1,0,0,1,0,0,0
"TCGA-A7-A0D9",0,160,37,1,0,0,0,0,1,0,0,0
"TCGA-A7-A0DA",0,373,62,1,1,0,0,0,1,0,0,0
"TCGA-A7-A0DB",0,141,56,1,0,0,0,0,1,0,0,0
"TCGA-A7-A0DC",0,273,63,1,0,0,0,0,0,0,0,0
"TCGA-A7-A13D",0,267,46,1,1,0,0,0,1,0,0,0
"TCGA-A7-A13E",0,287,62,1,1,0,0,0,1,0,0,0
"TCGA-A7-A13F",0,196,44,1,0,1,0,0,0,1,0,0
"TCGA-A7-A13G",0,208,79,1,0,0,0,0,1,0,0,0
"TCGA-A7-A13H",0,551,61,1,0,0,0,0,0,0,0,0
"TCGA-A7-A26E",0,421,71,1,0,0,0,0,0,1,0,0
"TCGA-A7-A26F",0,257,55,1,0,0,0,0,0,0,0,0
"TCGA-A7-A26G",0,210,50,1,0,0,0,0,1,0,0,0
"TCGA-A7-A26H",0,65,72,1,0,0,0,0,0,0,0,0
"TCGA-A7-A26I",0,122,65,1,0,0,0,0,1,0,0,0
"TCGA-A7-A26J",0,68,49,1,0,0,0,0,1,0,0,0
"TCGA-A7-A2KD",0,182,53,1,0,0,0,0,0,0,0,0
"TCGA-A7-A3IY",0,151,71,1,0,0,0,0,0,0,0,0
"TCGA-A7-A3IZ",0,148,62,1,0,0,0,0,0,0,0,0
"TCGA-A7-A3J0",0,76,62,1,0,0,0,0,0,0,0,0
"TCGA-A7-A3J1",0,75,63,1,0,0,0,0,0,0,0,0
"TCGA-A7-A3RF",0,54,79,1,0,0,0,0,0,0,0,0
"TCGA-A8-A06O",0,396,60,1,0,1,0,0,0,0,0,0
"TCGA-A8-A06P",0,396,63,1,0,0,0,0,0,0,0,0
"TCGA-A8-A06Q",0,31,63,1,0,1,0,0,0,1,0,0
"TCGA-A8-A06R",0,547,69,1,0,1,0,0,1,0,0,0
"TCGA-A8-A06T",0,1249,75,1,0,0,0,0,0,1,0,0
"TCGA-A8-A06U",1,883,80,1,0,0,0,0,1,0,0,0
"TCGA-A8-A06X",1,943,77,1,0,1,0,0,0,1,0,0
"TCGA-A8-A06Y",0,791,66,1,0,0,0,0,1,0,0,0
"TCGA-A8-A06Z",0,31,84,1,0,1,0,0,0,1,0,0
"TCGA-A8-A075",0,518,42,1,0,0,1,0,1,0,0,0
"TCGA-A8-A076",0,1642,66,1,0,0,1,0,1,0,0,0
"TCGA-A8-A079",0,274,69,1,0,1,0,0,0,0,1,0
"TCGA-A8-A07B",0,1004,69,1,0,0,1,0,1,0,0,0
"TCGA-A8-A07C",0,580,57,1,1,0,0,0,1,0,0,0
"TCGA-A8-A07E",0,608,81,1,0,0,0,0,0,0,1,0
"TCGA-A8-A07F",0,577,65,1,0,0,0,0,1,0,0,0
"TCGA-A8-A07G",0,577,65,1,0,0,0,0,0,0,0,0
"TCGA-A8-A07I",0,426,69,1,0,0,1,0,1,0,0,0
"TCGA-A8-A07J",0,365,35,1,0,0,0,0,1,0,0,0
"TCGA-A8-A07L",0,518,58,1,0,1,0,0,0,1,0,0
"TCGA-A8-A07O",0,304,51,1,1,0,0,0,1,0,0,0
"TCGA-A8-A07P",0,334,68,1,0,0,0,0,1,0,0,0
"TCGA-A8-A07R",0,273,80,1,1,0,0,0,1,0,0,0
"TCGA-A8-A07S",0,243,73,1,0,1,0,0,1,0,0,0
"TCGA-A8-A07U",0,303,66,1,1,0,0,0,1,0,0,0
"TCGA-A8-A07W",0,304,76,1,0,1,0,0,1,0,0,0
"TCGA-A8-A07Z",0,853,85,1,0,1,0,0,1,0,0,0
"TCGA-A8-A082",0,549,58,1,0,1,0,0,1,0,0,0
"TCGA-A8-A084",0,458,81,1,0,1,0,0,1,0,0,0
"TCGA-A8-A085",0,1124,44,0,0,1,0,0,1,0,0,0
"TCGA-A8-A086",0,396,59,1,0,0,0,0,0,0,0,0
"TCGA-A8-A08A",0,30,89,1,0,0,0,0,0,0,0,0
"TCGA-A8-A08B",0,702,52,1,0,0,1,0,1,0,0,0
"TCGA-A8-A08C",0,608,65,1,0,0,0,0,1,0,0,0
"TCGA-A8-A08F",0,549,59,1,0,1,0,0,1,0,0,0
"TCGA-A8-A08G",0,607,41,1,0,1,0,0,1,0,0,0
"TCGA-A8-A08I",0,365,53,1,0,1,0,0,1,0,0,0
"TCGA-A8-A08J",1,1127,52,1,0,0,1,0,0,0,1,0
"TCGA-A8-A08L",1,304,89,1,0,0,1,0,0,1,0,0
"TCGA-A8-A08O",0,943,45,1,0,0,0,0,1,0,0,0
"TCGA-A8-A08P",0,943,70,1,0,1,0,0,1,0,0,0
"TCGA-A8-A08R",0,30,52,1,1,0,0,0,1,0,0,0
"TCGA-A8-A08S",0,580,71,1,0,0,0,0,0,0,0,0
"TCGA-A8-A08T",0,2830,64,1,0,0,0,0,1,0,0,0
"TCGA-A8-A08X",0,1034,43,1,0,0,1,0,0,0,1,0
"TCGA-A8-A08Z",0,1217,76,1,0,0,0,0,0,0,1,0
"TCGA-A8-A091",0,580,61,1,0,0,0,0,1,0,0,0
"TCGA-A8-A092",0,487,48,1,0,0,1,0,1,0,0,0
"TCGA-A8-A093",0,546,61,1,0,0,0,0,1,0,0,0
"TCGA-A8-A095",0,1277,45,1,0,1,0,0,0,0,0,0
"TCGA-A8-A097",0,365,65,1,0,1,0,0,1,0,0,0
"TCGA-A8-A099",0,304,76,1,0,0,0,0,0,0,1,0
"TCGA-A8-A09A",0,304,40,1,0,0,0,0,1,0,0,0
"TCGA-A8-A09B",0,365,58,1,0,0,0,0,0,0,1,0
"TCGA-A8-A09C",0,31,69,1,0,1,0,0,1,0,0,0
"TCGA-A8-A09D",0,396,47,1,0,1,0,0,1,0,0,0
"TCGA-A8-A09E",0,943,73,1,0,0,0,0,0,0,1,0
"TCGA-A8-A09I",0,1006,84,1,0,1,0,0,1,0,0,0
"TCGA-A8-A09K",0,912,68,1,0,0,0,0,0,0,0,0
"TCGA-A8-A09M",0,457,75,1,0,1,0,0,1,0,0,0
"TCGA-A8-A09N",0,31,57,1,0,1,0,0,1,0,0,0
"TCGA-A8-A09Q",0,761,83,1,0,1,0,0,0,0,1,0
"TCGA-A8-A09R",0,273,82,1,0,1,0,0,1,0,0,0
"TCGA-A8-A09T",0,579,68,1,0,0,0,0,0,0,0,0
"TCGA-A8-A09V",0,457,51,1,0,0,0,0,1,0,0,0
"TCGA-A8-A09W",0,30,70,1,0,1,0,0,1,0,0,0
"TCGA-A8-A09X",1,426,62,1,0,0,1,0,1,0,0,0
"TCGA-A8-A0A1",0,365,84,1,0,0,0,0,1,0,0,0
"TCGA-A8-A0A2",0,579,66,1,0,0,0,0,1,0,0,0
"TCGA-A8-A0A4",0,396,73,1,0,0,0,0,1,0,0,0
"TCGA-A8-A0A6",0,640,64,1,0,0,0,0,1,0,0,0
"TCGA-A8-A0A7",0,30,57,1,0,0,1,0,1,0,0,0
"TCGA-A8-A0A9",0,396,80,1,0,1,0,0,1,0,0,0
"TCGA-A8-A0AB",0,518,54,1,0,1,0,0,1,0,0,0
"TCGA-A8-A0AD",0,1157,83,1,0,0,0,0,0,0,0,0
"TCGA-AC-A23C",0,29,62,1,0,0,0,0,1,0,0,0
"TCGA-AC-A23E",0,72,50,1,0,0,0,0,1,0,0,0
"TCGA-AC-A23G",0,330,76,1,0,0,0,0,0,0,0,0
"TCGA-AC-A23H",0,81,90,1,0,0,0,0,1,0,0,0
"TCGA-AC-A2B8",0,45,84,1,0,0,0,0,0,0,0,0
"TCGA-AC-A2BK",0,1172,78,1,0,0,0,0,0,0,0,0
"TCGA-AC-A2BM",0,1162,41,1,0,0,0,0,0,0,0,0
"TCGA-AC-A2FB",0,44,65,1,0,0,0,0,0,0,0,0
"TCGA-AC-A2FE",1,791,62,1,0,0,0,0,0,0,0,0
"TCGA-AC-A2FF",0,1686,40,1,0,0,0,0,0,0,0,0
"TCGA-AC-A2FG",0,1125,79,1,0,0,0,0,0,0,0,0
"TCGA-AC-A2FK",0,1180,45,1,0,0,0,0,0,0,0,0
"TCGA-AC-A2FM",1,792,87,1,0,0,0,0,0,0,0,0
"TCGA-AC-A2FO",0,1542,65,1,0,0,0,0,0,0,0,0
"TCGA-AC-A2QH",0,31,58,1,0,0,0,0,0,0,0,0
"TCGA-AC-A2QI",0,28,76,1,0,0,0,0,0,0,0,0
"TCGA-AC-A2QJ",1,69,48,1,0,0,0,0,0,0,0,0
"TCGA-AC-A3BB",0,30,46,1,0,0,0,0,0,0,0,0
"TCGA-AC-A3EH",1,17,79,1,0,0,0,0,0,0,0,0
"TCGA-AC-A3HN",0,21,87,1,0,0,0,0,0,0,0,0
"TCGA-AC-A3OD",0,35,68,1,0,0,0,0,0,0,0,0
"TCGA-AC-A3QQ",0,34,54,1,0,0,0,0,0,0,0,0
"TCGA-AC-A3TM",0,93,50,1,0,0,0,0,0,0,0,0
"TCGA-AC-A3TN",0,34,75,1,0,0,0,0,0,0,0,0
"TCGA-AC-A3W5",0,55,65,1,0,0,0,0,0,0,0,0
"TCGA-AC-A3W6",0,51,90,1,0,0,0,0,0,0,0,0
"TCGA-AC-A3W7",0,192,66,1,0,0,0,0,0,0,0,0
"TCGA-AN-A03X",0,10,74,1,0,0,0,0,1,0,0,0
"TCGA-AN-A03Y",0,10,66,1,0,1,0,0,1,0,0,0
"TCGA-AN-A041",0,7,29,1,0,1,0,0,1,0,0,0
"TCGA-AN-A046",0,10,68,1,0,0,0,0,1,0,0,0
"TCGA-AN-A049",0,19,62,1,0,1,0,0,1,0,0,0
"TCGA-AN-A04A",0,90,36,1,0,0,0,0,1,0,0,0
"TCGA-AN-A04C",0,54,51,1,0,0,1,0,1,0,0,0
"TCGA-AN-A04D",0,52,58,1,1,0,0,0,1,0,0,0
"TCGA-AN-A0AJ",0,244,79,1,0,1,0,0,0,1,0,0
"TCGA-AN-A0AK",0,224,76,1,0,1,0,0,1,0,0,0
"TCGA-AN-A0AL",0,198,41,1,1,0,0,0,0,0,1,0
"TCGA-AN-A0AM",0,5,56,1,0,1,0,0,1,0,0,0
"TCGA-AN-A0AR",0,10,55,1,1,0,0,0,1,0,0,0
"TCGA-AN-A0AS",0,10,70,1,0,1,0,0,1,0,0,0
"TCGA-AN-A0AT",0,10,62,1,1,0,0,0,1,0,0,0
"TCGA-AN-A0FD",0,196,71,1,0,0,0,0,1,0,0,0
"TCGA-AN-A0FF",0,172,32,1,0,1,0,0,0,0,0,0
"TCGA-AN-A0FJ",0,242,59,1,1,0,0,0,1,0,0,0
"TCGA-AN-A0FK",0,213,88,1,0,1,0,0,0,0,1,0
"TCGA-AN-A0FL",0,231,62,1,1,0,0,0,1,0,0,0
"TCGA-AN-A0FN",0,218,61,1,0,0,0,0,0,0,0,0
"TCGA-AN-A0FS",0,191,55,1,0,0,0,0,0,0,0,0
"TCGA-AN-A0FT",0,183,63,1,0,0,0,0,1,0,0,0
"TCGA-AN-A0FV",0,10,58,1,0,0,1,0,1,0,0,0
"TCGA-AN-A0FW",0,11,67,1,0,0,0,0,1,0,0,0
"TCGA-AN-A0FX",0,10,52,1,1,0,0,0,1,0,0,0
"TCGA-AN-A0FY",0,10,55,1,0,1,0,0,0,0,0,0
"TCGA-AN-A0FZ",0,10,45,1,0,0,0,0,1,0,0,0
"TCGA-AN-A0G0",0,16,56,1,1,0,0,0,1,0,0,0
"TCGA-AN-A0XL",0,10,61,1,0,0,0,0,1,0,0,0
"TCGA-AN-A0XN",0,10,68,1,0,0,0,0,1,0,0,0
"TCGA-AN-A0XO",0,375,59,1,0,0,0,0,1,0,0,0
"TCGA-AN-A0XP",0,9,69,1,0,0,0,0,1,0,0,0
"TCGA-AN-A0XR",0,10,55,1,0,1,0,0,1,0,0,0
"TCGA-AN-A0XS",0,10,63,1,0,0,0,0,1,0,0,0
"TCGA-AN-A0XT",0,10,54,1,0,0,0,0,1,0,0,0
"TCGA-AN-A0XU",0,10,54,1,1,0,0,0,1,0,0,0
"TCGA-AN-A0XV",0,162,67,1,0,0,0,0,1,0,0,0
"TCGA-AN-A0XW",0,170,36,1,0,1,0,0,1,0,0,0
"TCGA-AO-A03L",0,2442,34,1,0,0,1,0,0,1,0,0
"TCGA-AO-A03M",0,1455,29,1,0,0,0,0,0,0,0,0
"TCGA-AO-A03N",0,1645,59,1,0,0,1,0,1,0,0,0
"TCGA-AO-A03O",1,2483,69,1,0,1,0,0,1,0,0,0
"TCGA-AO-A03P",0,2576,54,1,0,1,0,0,1,0,0,0
"TCGA-AO-A03R",0,1707,57,1,0,0,0,1,1,0,0,0
"TCGA-AO-A03T",0,1187,42,1,0,0,0,1,1,0,0,0
"TCGA-AO-A03U",1,1793,31,1,0,0,0,1,0,0,0,0
"TCGA-AO-A03V",0,886,41,1,0,0,0,0,0,0,0,0
"TCGA-AO-A0J2",0,585,41,1,0,0,1,0,0,0,0,0
"TCGA-AO-A0J3",0,302,67,1,0,1,0,0,1,0,0,0
"TCGA-AO-A0J4",0,294,41,1,1,0,0,0,0,0,0,0
"TCGA-AO-A0J5",0,735,48,1,0,0,0,0,0,0,1,0
"TCGA-AO-A0J6",0,775,61,1,1,0,0,0,1,0,0,0
"TCGA-AO-A0J7",0,261,71,1,0,1,0,0,1,0,0,0
"TCGA-AO-A0J8",0,277,61,1,0,0,0,0,1,0,0,0
"TCGA-AO-A0J9",0,1256,61,1,0,0,0,0,1,0,0,0
"TCGA-AO-A0JA",0,346,36,1,0,0,0,0,1,0,0,0
"TCGA-AO-A0JB",0,1150,50,1,0,0,0,1,0,1,0,0
"TCGA-AO-A0JC",0,1547,64,1,0,1,0,0,1,0,0,0
"TCGA-AO-A0JD",0,1813,59,1,0,1,0,0,0,1,0,0
"TCGA-AO-A0JE",0,1966,53,1,0,0,1,0,1,0,0,0
"TCGA-AO-A0JF",0,354,68,1,0,0,0,0,0,0,0,0
"TCGA-AO-A0JG",0,449,49,1,0,0,0,0,1,0,0,0
"TCGA-AO-A0JI",0,1172,56,1,0,1,0,0,0,0,0,0
"TCGA-AO-A0JJ",0,1512,54,1,0,0,0,0,1,0,0,0
"TCGA-AO-A0JL",0,1319,59,1,1,0,0,0,1,0,0,0
"TCGA-AO-A0JM",0,1826,40,1,0,1,0,0,1,0,0,0
"TCGA-AO-A124",0,3120,38,1,1,0,0,0,1,0,0,0
"TCGA-AO-A125",0,3019,72,1,0,0,0,0,1,0,0,0
"TCGA-AO-A126",0,2850,39,1,0,0,0,0,1,0,0,0
"TCGA-AO-A128",0,2877,61,1,1,0,0,0,1,0,0,0
"TCGA-AO-A129",0,2923,29,1,1,0,0,0,1,0,0,0
"TCGA-AO-A12A",0,2755,47,1,0,0,0,0,1,0,0,0
"TCGA-AO-A12B",0,2359,63,1,0,1,0,0,1,0,0,0
"TCGA-AO-A12C",0,1994,42,1,0,0,0,0,1,0,0,0
"TCGA-AO-A12D",0,1948,43,1,0,0,1,0,0,0,0,0
"TCGA-AO-A12E",0,1743,51,1,0,0,0,0,0,1,0,0
"TCGA-AO-A12F",0,1471,36,1,1,0,0,0,1,0,0,0
"TCGA-AO-A12G",0,1266,75,1,0,0,0,0,1,0,0,0
"TCGA-AO-A12H",0,863,69,1,0,0,0,0,1,0,0,0
"TCGA-AO-A1KO",0,448,46,1,0,0,0,0,0,1,0,0
"TCGA-AO-A1KP",0,2513,77,1,0,0,0,0,0,0,0,0
"TCGA-AO-A1KQ",0,1519,84,0,0,0,0,0,0,0,1,0
"TCGA-AO-A1KR",0,2141,51,1,0,0,0,0,0,0,0,0
"TCGA-AO-A1KS",0,16,69,1,0,0,0,0,1,0,0,0
"TCGA-AO-A1KT",0,541,78,1,0,0,0,0,0,0,0,0
"TCGA-AQ-A04H",0,439,61,1,0,1,0,0,1,0,0,0
"TCGA-AQ-A04J",0,160,45,1,1,0,0,0,1,0,0,0
"TCGA-AQ-A04L",0,3359,48,1,0,0,0,0,1,0,0,0
"TCGA-AQ-A0Y5",1,172,70,1,0,0,0,0,1,0,0,0
"TCGA-AQ-A1H2",0,230,84,1,0,0,0,0,1,0,0,0
"TCGA-AQ-A1H3",0,162,49,1,0,0,0,0,1,0,0,0
"TCGA-AR-A0TP",0,2521,43,1,1,0,0,0,1,0,0,0
"TCGA-AR-A0TQ",0,1500,27,1,0,1,0,0,0,1,0,0
"TCGA-AR-A0TR",1,160,68,1,0,0,0,0,1,0,0,0
"TCGA-AR-A0TS",0,1138,46,1,1,0,0,0,1,0,0,0
"TCGA-AR-A0TT",0,1730,53,1,0,1,0,0,1,0,0,0
"TCGA-AR-A0TU",0,360,35,1,1,0,0,0,1,0,0,0
"TCGA-AR-A0TV",0,905,66,1,0,1,0,0,1,0,0,0
"TCGA-AR-A0TW",0,739,50,1,0,0,0,0,0,1,0,0
"TCGA-AR-A0TX",0,15,64,1,0,0,1,0,0,0,0,0
"TCGA-AR-A0TY",1,1699,54,1,0,1,0,0,1,0,0,0
"TCGA-AR-A0TZ",0,2316,43,1,0,1,0,0,1,0,0,0
"TCGA-AR-A0U0",0,8,73,1,1,0,0,0,1,0,0,0
"TCGA-AR-A0U1",0,2134,36,1,1,0,0,0,1,0,0,0
"TCGA-AR-A0U2",1,2551,47,1,0,1,0,0,1,0,0,0
"TCGA-AR-A0U3",0,2317,59,1,0,1,0,0,1,0,0,0
"TCGA-AR-A0U4",0,1684,54,1,1,0,0,0,1,0,0,0
"TCGA-AR-A1AH",0,2298,51,1,1,0,0,0,1,0,0,0
"TCGA-AR-A1AI",0,1881,47,1,1,0,0,0,1,0,0,0
"TCGA-AR-A1AJ",0,1605,83,1,1,0,0,0,0,0,0,0
"TCGA-AR-A1AK",0,1559,70,1,0,0,0,0,0,0,0,0
"TCGA-AR-A1AL",0,1485,60,1,0,0,0,0,0,1,0,0
"TCGA-AR-A1AM",0,1903,52,1,0,0,0,0,0,0,0,0
"TCGA-AR-A1AN",0,1330,46,1,0,0,0,0,1,0,0,0
"TCGA-AR-A1AO",0,1325,47,1,0,0,0,1,0,0,0,0
"TCGA-AR-A1AP",0,1216,80,1,0,0,0,0,0,0,0,0
"TCGA-AR-A1AQ",0,1310,49,1,1,0,0,0,1,0,0,0
"TCGA-AR-A1AR",1,524,50,1,1,0,0,0,0,0,0,0
"TCGA-AR-A1AS",0,1150,54,1,0,0,0,0,1,0,0,0
"TCGA-AR-A1AT",1,1272,62,1,0,0,1,0,1,0,0,0
"TCGA-AR-A1AU",0,1409,39,1,0,0,0,0,1,0,0,0
"TCGA-AR-A1AV",0,1295,68,0,0,1,0,0,1,0,0,0
"TCGA-AR-A1AW",0,1072,65,1,0,0,0,0,1,0,0,0
"TCGA-AR-A1AX",0,1103,64,1,0,0,0,0,0,0,0,0
"TCGA-AR-A1AY",0,615,65,1,1,0,0,0,0,0,0,0
"TCGA-AR-A24H",0,3333,65,1,0,0,0,0,1,0,0,0
"TCGA-AR-A24K",0,1548,46,1,0,0,0,0,1,0,0,0
"TCGA-AR-A24L",0,2221,26,1,0,0,0,0,1,0,0,0
"TCGA-AR-A24M",0,1991,38,1,0,0,0,0,1,0,0,0
"TCGA-AR-A24N",0,2074,54,1,0,0,0,0,0,0,0,0
"TCGA-AR-A24O",0,1998,43,1,0,0,0,0,0,1,0,0
"TCGA-AR-A24P",0,26,47,1,0,0,0,0,0,0,0,0
"TCGA-AR-A24Q",0,2009,49,1,0,0,0,0,0,1,0,0
"TCGA-AR-A24R",0,1746,45,1,0,0,0,0,0,0,0,0
"TCGA-AR-A24S",0,1888,61,1,0,0,0,0,0,0,0,0
"TCGA-AR-A24T",0,1620,46,1,0,0,0,0,0,1,0,0
"TCGA-AR-A24U",0,1623,47,1,0,0,0,0,0,0,0,0
"TCGA-AR-A24V",0,1648,52,1,0,0,0,0,1,0,0,0
"TCGA-AR-A24W",0,1550,55,1,0,0,0,0,0,0,0,0
"TCGA-AR-A24X",0,1465,52,1,0,0,0,0,1,0,0,0
"TCGA-AR-A24Z",0,1574,57,1,0,0,0,0,1,0,0,0
"TCGA-AR-A250",0,1708,58,1,0,0,0,0,1,0,0,0
"TCGA-AR-A251",0,1374,51,1,0,0,0,0,1,0,0,0
"TCGA-AR-A252",0,1236,50,1,0,0,0,0,0,0,0,0
"TCGA-AR-A254",0,1212,50,1,0,0,0,0,1,0,0,0
"TCGA-AR-A255",0,1059,62,1,0,0,0,0,0,0,0,0
"TCGA-AR-A256",1,2854,45,1,0,0,0,0,1,0,0,0
"TCGA-AR-A2LE",0,3913,69,1,0,0,0,0,0,0,0,0
"TCGA-AR-A2LH",1,616,55,1,0,0,0,0,0,0,0,0
"TCGA-AR-A2LJ",0,1359,40,1,0,0,0,0,0,0,0,0
"TCGA-AR-A2LK",1,1304,62,1,0,0,0,0,0,0,0,0
"TCGA-AR-A2LL",0,224,70,1,0,0,0,0,0,0,0,0
"TCGA-AR-A2LM",0,1218,49,1,0,0,0,0,0,0,0,0
"TCGA-AR-A2LN",0,520,65,1,0,0,0,0,0,0,0,0
"TCGA-AR-A2LO",0,633,46,1,0,0,0,0,0,0,0,0
"TCGA-AR-A2LQ",0,516,59,1,0,0,0,0,0,0,0,0
"TCGA-AR-A2LR",0,620,49,1,0,0,0,0,0,0,0,0
"TCGA-B6-A0I1",1,2361,73,1,0,0,0,0,0,0,0,0
"TCGA-B6-A0I2",0,3827,45,1,1,0,0,0,0,0,0,0
"TCGA-B6-A0I5",0,4550,49,1,0,0,0,0,1,0,0,0
"TCGA-B6-A0I6",1,991,49,1,1,0,0,0,0,0,0,0
"TCGA-B6-A0I8",1,749,46,1,0,0,0,0,0,0,0,0
"TCGA-B6-A0I9",1,362,62,1,0,0,1,0,0,1,0,0
"TCGA-B6-A0IA",0,6719,51,1,0,0,0,0,1,0,0,0
"TCGA-B6-A0IB",1,3941,64,1,0,1,0,0,0,1,0,0
"TCGA-B6-A0IC",1,1542,90,1,0,1,0,0,1,0,0,0
"TCGA-B6-A0IE",1,1993,38,1,0,0,0,1,0,0,0,1
"TCGA-B6-A0IG",1,4456,50,1,0,0,0,0,1,0,0,0
"TCGA-B6-A0IH",1,3418,81,1,0,0,0,0,0,1,0,0
"TCGA-B6-A0IJ",0,5383,42,1,1,0,0,0,0,1,0,0
"TCGA-B6-A0IK",1,571,63,1,0,0,1,0,0,0,1,0
"TCGA-B6-A0IM",0,3836,75,1,0,1,0,0,0,1,0,0
"TCGA-B6-A0IN",1,2573,45,1,0,0,0,0,0,0,0,0
"TCGA-B6-A0IO",0,3350,66,1,0,0,0,0,1,0,0,0
"TCGA-B6-A0IP",0,3374,74,1,0,0,0,0,0,0,0,0
"TCGA-B6-A0IQ",0,3872,40,1,1,0,0,0,0,1,0,0
"TCGA-B6-A0RE",0,6435,61,1,1,0,0,0,0,0,0,1
"TCGA-B6-A0RG",0,2082,26,1,0,0,0,0,0,1,0,0
"TCGA-B6-A0RH",0,5749,51,1,0,0,1,0,1,0,0,0
"TCGA-B6-A0RI",0,6796,44,1,0,0,0,0,0,0,1,0
"TCGA-B6-A0RL",1,2469,60,1,0,1,0,0,1,0,0,0
"TCGA-B6-A0RM",1,2373,57,1,0,0,0,0,0,0,0,1
"TCGA-B6-A0RN",0,5261,60,1,0,0,0,0,0,0,0,0
"TCGA-B6-A0RO",0,4929,71,1,0,0,0,0,0,0,1,0
"TCGA-B6-A0RP",1,3126,73,1,0,0,0,0,1,0,0,0
"TCGA-B6-A0RQ",1,4267,68,1,0,0,0,0,0,1,0,0
"TCGA-B6-A0RS",1,3063,38,1,0,0,1,0,1,0,0,0
"TCGA-B6-A0RT",0,2721,39,1,1,0,0,0,0,1,0,0
"TCGA-B6-A0RU",0,7067,49,1,1,0,0,0,0,0,0,0
"TCGA-B6-A0RV",0,4788,42,1,0,0,0,0,0,1,0,0
"TCGA-B6-A0WS",1,2965,58,1,0,0,0,0,0,0,0,0
"TCGA-B6-A0WT",0,5396,61,1,0,0,0,0,1,0,0,0
"TCGA-B6-A0WV",1,2417,67,1,0,1,0,0,1,0,0,0
"TCGA-B6-A0WW",1,558,58,1,0,1,0,0,1,0,0,0
"TCGA-B6-A0WX",1,639,40,1,1,0,0,0,0,1,0,0
"TCGA-B6-A0WY",1,3461,40,1,0,0,0,0,0,1,0,0
"TCGA-B6-A0WZ",0,3941,50,1,0,0,0,0,1,0,0,0
"TCGA-B6-A0X0",1,3945,54,1,0,0,0,0,0,0,0,0
"TCGA-B6-A0X1",0,5677,48,1,1,0,0,0,1,0,0,0
"TCGA-B6-A0X4",1,860,62,1,0,0,0,0,1,0,0,0
"TCGA-B6-A0X5",1,2097,61,1,0,1,0,0,1,0,0,0
"TCGA-B6-A0X7",1,1781,62,1,0,0,0,0,0,0,0,0
"TCGA-B6-A1KC",0,1326,67,1,0,0,0,0,1,0,0,0
"TCGA-B6-A1KF",0,3088,68,1,0,0,0,0,1,0,0,0
"TCGA-B6-A1KI",0,1463,63,1,0,0,0,0,0,0,0,0
"TCGA-B6-A1KN",0,3330,57,1,0,0,0,0,0,0,1,0
"TCGA-B6-A2IU",0,4840,62,1,0,0,0,0,0,0,0,0
"TCGA-BH-A0AU",0,746,45,1,0,1,0,0,1,0,0,0
"TCGA-BH-A0AV",0,1180,52,1,1,0,0,0,0,0,0,0
"TCGA-BH-A0AW",0,622,56,1,0,0,1,0,0,0,0,0
"TCGA-BH-A0AY",0,777,62,1,0,1,0,0,1,0,0,0
"TCGA-BH-A0AZ",0,867,47,1,0,0,0,0,0,1,0,0
"TCGA-BH-A0B0",0,1428,56,1,0,0,0,0,0,0,0,0
"TCGA-BH-A0B1",0,1148,66,1,0,0,0,0,1,0,0,0
"TCGA-BH-A0B3",0,1203,53,1,1,0,0,0,1,0,0,0
"TCGA-BH-A0B4",0,1191,65,0,0,0,0,0,1,0,0,0
"TCGA-BH-A0B5",0,1471,40,1,0,1,0,0,1,0,0,0
"TCGA-BH-A0B6",0,1732,47,1,0,0,0,0,0,0,0,0
"TCGA-BH-A0B7",0,1733,42,1,0,0,1,0,1,0,0,0
"TCGA-BH-A0B8",0,1569,64,1,0,0,0,0,0,0,0,0
"TCGA-BH-A0B9",0,1572,44,1,1,0,0,0,0,0,0,0
"TCGA-BH-A0BA",0,1132,51,1,0,0,0,0,0,1,0,0
"TCGA-BH-A0BC",0,974,60,1,0,0,0,0,1,0,0,0
"TCGA-BH-A0BD",0,554,47,1,0,1,0,0,0,0,0,0
"TCGA-BH-A0BF",0,782,56,1,0,1,0,0,1,0,0,0
"TCGA-BH-A0BG",0,756,73,1,1,0,0,0,0,0,0,0
"TCGA-BH-A0BJ",0,660,41,1,0,0,0,0,1,0,0,0
"TCGA-BH-A0BL",0,1340,35,1,1,0,0,0,0,0,0,0
"TCGA-BH-A0BM",0,1117,54,1,0,0,0,0,1,0,0,0
"TCGA-BH-A0BO",0,1085,54,1,0,0,0,0,0,0,0,0
"TCGA-BH-A0BP",0,1481,76,1,0,0,0,0,0,0,0,0
"TCGA-BH-A0BQ",0,827,39,1,0,0,0,0,0,0,0,0
"TCGA-BH-A0BR",0,1633,59,1,0,0,0,0,0,0,0,0
"TCGA-BH-A0BS",0,1641,55,1,0,0,0,0,0,1,0,0
"TCGA-BH-A0BT",0,1386,56,1,0,0,0,0,0,0,0,0
"TCGA-BH-A0BV",0,1519,78,1,0,0,0,0,1,0,0,0
"TCGA-BH-A0BW",0,355,71,1,1,0,0,0,0,0,0,0
"TCGA-BH-A0BZ",0,1492,59,1,0,1,0,0,0,1,0,0
"TCGA-BH-A0C0",0,1270,62,1,0,1,0,0,0,0,0,0
"TCGA-BH-A0C1",0,1339,61,1,0,0,0,0,0,1,0,0
"TCGA-BH-A0C3",0,1464,47,1,0,1,0,0,0,0,0,0
"TCGA-BH-A0C7",0,1305,48,1,0,1,0,0,1,0,0,0
"TCGA-BH-A0DD",0,1394,58,0,0,1,0,0,1,0,0,0
"TCGA-BH-A0DE",0,948,62,1,0,0,0,0,1,0,0,0
"TCGA-BH-A0DG",0,713,30,1,0,0,0,0,1,0,0,0
"TCGA-BH-A0DH",0,1156,63,1,0,0,0,0,1,0,0,0
"TCGA-BH-A0DI",0,673,63,1,0,0,0,0,1,0,0,0
"TCGA-BH-A0DK",0,423,49,1,0,0,0,0,1,0,0,0
"TCGA-BH-A0DL",0,1467,64,1,1,0,0,0,1,0,0,0
"TCGA-BH-A0DO",0,525,78,1,0,0,0,0,0,0,0,0
"TCGA-BH-A0DP",0,476,60,1,0,0,0,0,0,1,0,0
"TCGA-BH-A0DQ",0,98,42,1,0,0,0,0,1,0,0,0
"TCGA-BH-A0DS",0,78,71,1,0,0,0,0,1,0,0,0
"TCGA-BH-A0DT",0,1170,41,1,0,0,0,0,0,0,0,0
"TCGA-BH-A0DV",0,1374,54,1,0,0,0,0,1,0,0,0
"TCGA-BH-A0DX",0,1442,62,1,0,0,0,0,0,0,0,0
"TCGA-BH-A0DZ",0,495,43,1,0,0,1,0,1,0,0,0
"TCGA-BH-A0E0",0,134,38,1,1,0,0,0,0,1,0,0
"TCGA-BH-A0E1",0,477,52,1,0,0,0,0,1,0,0,0
"TCGA-BH-A0E2",0,376,49,1,0,0,0,0,1,0,0,0
"TCGA-BH-A0E6",0,293,69,1,1,0,0,0,0,0,0,0
"TCGA-BH-A0E7",0,1363,79,1,0,0,0,0,1,0,0,0
"TCGA-BH-A0E9",0,1405,53,1,0,0,0,0,1,0,0,0
"TCGA-BH-A0EA",1,991,72,1,0,0,0,0,0,0,0,0
"TCGA-BH-A0EB",0,745,69,1,0,0,0,0,0,0,0,0
"TCGA-BH-A0EE",0,943,68,1,0,0,1,0,0,1,0,0
"TCGA-BH-A0EI",0,743,51,1,0,0,0,0,0,0,0,0
"TCGA-BH-A0GY",0,917,67,1,0,0,0,0,1,0,0,0
"TCGA-BH-A0GZ",0,328,62,1,0,0,0,0,0,0,0,0
"TCGA-BH-A0H0",0,461,69,1,0,1,0,0,0,0,0,0
"TCGA-BH-A0H3",0,1149,46,1,0,0,0,0,0,0,0,0
"TCGA-BH-A0H5",0,1080,45,1,0,0,0,0,0,0,0,0
"TCGA-BH-A0H6",0,747,82,1,0,0,0,0,0,0,0,0
"TCGA-BH-A0H7",0,702,65,1,0,0,0,0,0,0,0,0
"TCGA-BH-A0H9",0,1247,69,1,0,0,0,0,1,0,0,0
"TCGA-BH-A0HA",0,856,31,1,0,0,0,0,0,0,0,0
"TCGA-BH-A0HB",0,806,55,1,0,0,0,0,0,0,0,0
"TCGA-BH-A0HF",0,727,77,1,0,0,0,0,0,0,0,0
"TCGA-BH-A0HI",0,620,78,1,0,0,0,0,0,0,0,0
"TCGA-BH-A0HK",0,178,81,1,0,0,0,0,1,0,0,0
"TCGA-BH-A0HL",0,72,56,1,1,0,0,0,1,0,0,0
"TCGA-BH-A0HN",0,516,67,1,1,0,0,0,0,0,0,0
"TCGA-BH-A0HO",0,76,48,1,0,0,0,0,0,0,0,0
"TCGA-BH-A0HP",0,414,65,1,0,0,0,0,0,1,0,0
"TCGA-BH-A0HQ",0,1121,56,1,0,0,0,0,1,0,0,0
"TCGA-BH-A0HU",0,392,52,1,0,1,0,0,0,0,0,0
"TCGA-BH-A0HW",0,1561,62,1,0,1,0,0,0,0,0,0
"TCGA-BH-A0HX",0,829,54,1,0,0,0,0,1,0,0,0
"TCGA-BH-A0HY",0,868,60,1,0,0,1,0,0,0,0,0
"TCGA-BH-A0RX",0,170,59,1,1,0,0,0,1,0,0,0
"TCGA-BH-A0W3",0,180,58,1,0,1,0,0,0,0,0,0
"TCGA-BH-A0W4",0,175,46,1,0,0,0,0,1,0,0,0
"TCGA-BH-A0W5",0,543,77,1,0,0,0,0,0,0,0,0
"TCGA-BH-A0W7",0,558,49,1,0,0,0,0,0,0,0,0
"TCGA-BH-A0WA",0,372,82,1,1,0,0,0,0,0,0,0
"TCGA-BH-A18F",0,268,50,1,0,1,0,0,1,0,0,0
"TCGA-BH-A18G",0,61,81,1,1,0,0,0,0,0,0,0
"TCGA-BH-A18I",0,220,53,1,0,0,0,0,0,0,0,0
"TCGA-BH-A18J",1,612,56,1,0,1,0,0,0,0,1,0
"TCGA-BH-A18K",1,2763,46,1,1,0,0,0,0,0,0,0
"TCGA-BH-A18L",1,811,50,1,0,1,0,0,0,1,0,0
"TCGA-BH-A18M",1,2207,39,1,0,0,0,0,0,1,0,0
"TCGA-BH-A18N",1,1148,88,1,0,0,0,0,1,0,0,0
"TCGA-BH-A18P",1,921,60,1,0,0,1,0,0,0,0,0
"TCGA-BH-A18Q",1,1692,56,1,1,0,0,0,1,0,0,0
"TCGA-BH-A18R",1,1142,50,1,0,0,1,0,1,0,0,0
"TCGA-BH-A18S",1,2009,79,1,0,0,0,0,0,0,0,0
"TCGA-BH-A18T",1,224,70,1,0,0,0,0,1,0,0,0
"TCGA-BH-A18U",1,1563,72,1,0,1,0,0,1,0,0,0
"TCGA-BH-A18V",1,1556,48,1,1,0,0,0,1,0,0,0
"TCGA-BH-A1EN",1,2127,78,1,0,0,0,0,1,0,0,0
"TCGA-BH-A1EO",1,2798,68,1,0,0,0,0,0,0,0,0
"TCGA-BH-A1ES",1,3462,35,1,0,0,0,0,1,0,0,0
"TCGA-BH-A1ET",1,2520,55,1,0,0,0,0,0,0,0,0
"TCGA-BH-A1EU",1,1286,83,1,0,0,0,0,0,0,0,0
"TCGA-BH-A1EV",1,365,45,1,0,0,1,0,0,0,0,0
"TCGA-BH-A1EW",1,1694,38,1,0,1,0,0,1,0,0,0
"TCGA-BH-A1EX",1,1508,67,1,0,0,0,0,1,0,0,0
"TCGA-BH-A1EY",1,538,79,1,0,0,0,0,1,0,0,0
"TCGA-BH-A1F0",1,785,80,1,1,0,0,0,0,0,0,0
"TCGA-BH-A1F2",1,959,53,1,0,0,0,0,0,0,1,0
"TCGA-BH-A1F5",1,2712,62,1,0,0,0,0,0,0,0,0
"TCGA-BH-A1F6",1,2965,51,1,0,0,0,0,0,0,0,0
"TCGA-BH-A1F8",1,763,90,1,0,0,0,0,0,0,1,0
"TCGA-BH-A1FB",1,3669,60,1,0,0,0,0,1,0,0,0
"TCGA-BH-A1FC",1,3472,78,1,0,0,0,0,0,0,0,0
"TCGA-BH-A1FD",1,1009,68,1,0,0,0,0,0,0,0,0
"TCGA-BH-A1FE",1,2273,31,1,0,0,0,0,1,0,0,0
"TCGA-BH-A1FG",1,3736,88,1,0,0,0,0,0,0,0,0
"TCGA-BH-A1FH",1,1034,47,1,0,0,0,0,1,0,0,0
"TCGA-BH-A1FJ",1,1927,66,1,0,0,0,0,0,1,0,0
"TCGA-BH-A1FL",1,1673,69,1,0,0,0,0,1,0,0,0
"TCGA-BH-A1FM",1,1388,44,1,0,0,0,0,1,0,0,0
"TCGA-BH-A1FN",1,2192,34,1,0,0,0,0,1,0,0,0
"TCGA-BH-A1FR",1,1642,73,1,0,0,0,0,0,0,1,0
"TCGA-BH-A1FU",1,1688,44,1,0,0,0,0,0,0,0,0
"TCGA-BH-A201",0,210,64,1,0,0,0,0,0,0,0,0
"TCGA-BH-A202",0,22,60,1,0,0,0,0,0,0,0,0
"TCGA-BH-A203",1,1174,78,1,0,0,0,0,0,0,0,0
"TCGA-BH-A204",1,2534,80,1,0,0,0,0,0,0,0,0
"TCGA-BH-A208",1,1759,48,1,0,0,0,0,0,0,0,0
"TCGA-BH-A209",1,3959,77,1,0,0,0,0,0,0,0,0
"TCGA-BH-A28O",0,324,50,1,0,0,0,0,0,0,0,0
"TCGA-BH-A28Q",0,196,46,1,0,0,0,0,0,0,0,0
"TCGA-BH-A2L8",0,168,45,1,0,0,0,0,0,0,0,0
"TCGA-C8-A12Q",0,2,78,1,0,0,1,0,0,0,0,0
"TCGA-C8-A12W",0,7,49,1,0,1,0,0,0,0,1,0
"TCGA-C8-A12Z",0,12,45,1,0,0,1,0,1,0,0,0
"TCGA-C8-A130",0,4,52,1,0,0,1,0,0,1,0,0
"TCGA-C8-A131",0,14,82,1,1,0,0,0,1,0,0,0
"TCGA-C8-A132",0,13,56,1,0,0,0,0,1,0,0,0
"TCGA-C8-A134",0,14,52,1,1,0,0,0,1,0,0,0
"TCGA-C8-A135",0,13,64,1,0,0,1,0,1,0,0,0
"TCGA-C8-A137",0,34,34,1,0,0,1,0,1,0,0,0
"TCGA-C8-A138",0,7,54,1,0,0,1,0,1,0,0,0
"TCGA-C8-A1HJ",0,5,53,1,0,0,0,0,1,0,0,0
"TCGA-C8-A1HK",0,7,53,1,0,0,0,0,1,0,0,0
"TCGA-C8-A1HL",0,2,38,1,0,1,0,0,0,1,0,0
"TCGA-C8-A1HM",0,6,74,1,0,1,0,0,1,0,0,0
"TCGA-C8-A1HN",0,2,56,1,0,1,0,0,1,0,0,0
"TCGA-C8-A26V",0,9,47,1,0,0,0,0,0,1,0,0
"TCGA-C8-A26W",0,7,58,1,0,0,0,0,1,0,0,0
"TCGA-C8-A26X",0,11,58,1,0,0,0,0,0,0,0,0
"TCGA-C8-A26Y",0,13,90,1,0,0,0,0,1,0,0,0
"TCGA-C8-A26Z",0,4,59,1,0,0,0,0,1,0,0,0
"TCGA-C8-A273",0,6,29,1,0,0,0,0,1,0,0,0
"TCGA-C8-A278",0,9,61,1,0,0,0,0,1,0,0,0
"TCGA-C8-A27A",0,371,48,1,0,0,0,0,1,0,0,0
"TCGA-C8-A27B",0,30,48,1,0,0,0,0,0,1,0,0
"TCGA-C8-A3M8",0,7,68,1,0,0,0,0,0,0,0,0
"TCGA-D8-A13Y",0,264,52,1,0,1,0,0,0,0,0,0
"TCGA-D8-A13Z",0,210,51,1,0,0,1,0,1,0,0,0
"TCGA-D8-A140",0,27,62,1,0,1,0,0,1,0,0,0
"TCGA-D8-A141",0,113,40,1,0,0,0,0,0,0,0,0
"TCGA-D8-A142",0,61,74,1,1,0,0,0,0,1,0,0
"TCGA-D8-A143",0,172,51,1,1,0,0,0,1,0,0,0
"TCGA-D8-A145",0,49,80,1,0,0,0,0,0,0,0,0
"TCGA-D8-A146",0,344,57,1,0,0,0,0,1,0,0,0
"TCGA-D8-A147",0,2,45,1,1,0,0,0,1,0,0,0
"TCGA-D8-A1J8",0,256,77,1,0,0,0,0,1,0,0,0
"TCGA-D8-A1J9",0,248,48,1,0,0,0,0,0,0,0,0
"TCGA-D8-A1JA",0,18,60,1,0,0,0,0,0,0,1,0
"TCGA-D8-A1JB",0,365,54,1,0,0,0,0,1,0,0,0
"TCGA-D8-A1JC",0,178,59,1,0,0,0,0,1,0,0,0
"TCGA-D8-A1JD",0,273,41,1,0,0,0,0,1,0,0,0
"TCGA-D8-A1JE",0,57,62,1,0,0,0,0,0,0,0,0
"TCGA-D8-A1JF",0,96,79,1,0,0,0,0,0,0,0,0
"TCGA-D8-A1JG",0,187,62,1,0,0,0,0,1,0,0,0
"TCGA-D8-A1JH",0,284,56,1,0,0,0,0,0,0,0,0
"TCGA-D8-A1JI",0,21,54,1,0,0,0,0,0,0,0,0
"TCGA-D8-A1JJ",0,274,54,1,0,0,0,0,1,0,0,0
"TCGA-D8-A1JK",0,109,90,1,0,0,0,0,1,0,0,0
"TCGA-D8-A1JL",0,265,72,1,0,0,0,0,1,0,0,0
"TCGA-D8-A1JM",0,238,59,1,0,0,0,0,1,0,0,0
"TCGA-D8-A1JN",0,217,80,1,0,0,0,0,0,1,0,0
"TCGA-D8-A1JP",0,167,73,1,0,0,0,0,0,0,0,0
"TCGA-D8-A1JS",0,105,77,1,0,0,0,0,0,0,0,0
"TCGA-D8-A1JT",0,123,70,1,0,0,0,0,1,0,0,0
"TCGA-D8-A1JU",0,106,51,1,0,0,0,0,0,0,0,0
"TCGA-D8-A1X5",0,171,81,1,0,0,0,0,1,0,0,0
"TCGA-D8-A1X6",0,236,80,1,0,0,0,0,0,1,0,0
"TCGA-D8-A1X7",0,85,40,1,0,0,0,0,1,0,0,0
"TCGA-D8-A1X8",0,272,62,1,0,0,0,0,0,0,0,0
"TCGA-D8-A1X9",0,380,66,1,0,0,0,0,1,0,0,0
"TCGA-D8-A1XA",0,274,64,1,0,0,0,0,0,0,0,0
"TCGA-D8-A1XB",0,201,62,1,0,0,0,0,1,0,0,0
"TCGA-D8-A1XC",0,81,85,1,0,0,0,0,0,0,1,0
"TCGA-D8-A1XD",0,155,36,1,0,0,0,0,0,0,0,0
"TCGA-D8-A1XF",0,97,45,1,0,0,0,0,1,0,0,0
"TCGA-D8-A1XG",0,75,86,1,0,0,0,0,0,0,1,0
"TCGA-D8-A1XJ",0,352,76,1,0,0,0,0,0,1,0,0
"TCGA-D8-A1XK",0,326,55,1,0,0,0,0,1,0,0,0
"TCGA-D8-A1XL",0,319,34,1,0,0,0,0,1,0,0,0
"TCGA-D8-A1XM",0,218,57,1,0,0,0,0,0,0,0,0
"TCGA-D8-A1XO",0,242,56,1,0,0,0,0,1,0,0,0
"TCGA-D8-A1XQ",0,177,69,1,0,0,0,0,1,0,0,0
"TCGA-D8-A1XR",0,168,56,1,0,0,0,0,1,0,0,0
"TCGA-D8-A1XS",0,50,48,0,0,0,0,0,1,0,0,0
"TCGA-D8-A1XT",0,193,61,1,0,0,0,0,0,0,0,0
"TCGA-D8-A1XU",0,150,56,1,0,0,0,0,0,0,0,0
"TCGA-D8-A1XV",0,147,84,1,0,0,0,0,1,0,0,0
"TCGA-D8-A1XW",0,118,53,1,0,0,0,0,1,0,0,0
"TCGA-D8-A1XY",0,81,74,1,0,0,0,0,1,0,0,0
"TCGA-D8-A1XZ",0,121,81,1,0,0,0,0,0,0,0,0
"TCGA-D8-A1Y0",0,167,65,1,0,0,0,0,0,0,0,0
"TCGA-D8-A1Y1",0,116,80,1,0,0,0,0,0,1,0,0
"TCGA-D8-A1Y2",0,73,71,1,0,0,0,0,1,0,0,0
"TCGA-D8-A1Y3",0,125,61,1,0,0,0,0,1,0,0,0
"TCGA-D8-A27E",0,182,66,1,0,0,0,0,0,0,0,0
"TCGA-D8-A27F",0,106,40,1,0,0,0,0,1,0,0,0
"TCGA-D8-A27G",0,210,75,1,0,0,0,0,1,0,0,0
"TCGA-D8-A27H",0,19,72,1,0,0,0,0,1,0,0,0
"TCGA-D8-A27I",0,186,58,1,0,0,0,0,0,0,0,0
"TCGA-D8-A27K",0,119,47,1,0,0,0,0,1,0,0,0
"TCGA-D8-A27L",0,126,49,1,0,0,0,0,0,0,0,0
"TCGA-D8-A27M",0,145,59,1,0,0,0,0,0,0,0,0
"TCGA-D8-A27N",0,146,36,1,0,0,0,0,1,0,0,0
"TCGA-D8-A27P",0,23,64,1,0,0,0,0,0,0,0,0
"TCGA-D8-A27R",0,29,41,1,0,0,0,0,1,0,0,0
"TCGA-D8-A27T",0,136,53,1,0,0,0,0,1,0,0,0
"TCGA-D8-A27V",0,73,62,1,0,0,0,0,1,0,0,0
"TCGA-D8-A27W",0,15,55,1,0,0,0,0,0,0,1,0
"TCGA-E2-A105",0,1163,79,1,0,0,0,0,1,0,0,0
"TCGA-E2-A106",0,1555,34,1,0,0,0,0,0,0,0,0
"TCGA-E2-A107",0,763,54,1,0,1,0,0,0,1,0,0
"TCGA-E2-A108",0,124,64,1,0,0,0,1,1,0,0,0
"TCGA-E2-A109",0,1172,64,1,0,1,0,0,1,0,0,0
"TCGA-E2-A10A",0,352,41,1,0,1,0,0,0,1,0,0
"TCGA-E2-A10B",0,748,67,1,0,0,0,0,1,0,0,0
"TCGA-E2-A10C",0,854,54,1,0,1,0,0,1,0,0,0
"TCGA-E2-A10E",0,418,64,1,0,0,0,0,0,0,0,0
"TCGA-E2-A10F",0,360,47,1,0,0,0,0,1,0,0,0
"TCGA-E2-A14N",0,1350,37,1,1,0,0,0,1,0,0,0
"TCGA-E2-A14O",0,1173,76,1,0,1,0,0,0,1,0,0
"TCGA-E2-A14P",0,487,79,1,0,0,1,0,1,0,0,0
"TCGA-E2-A14Q",0,974,50,1,0,0,0,0,1,0,0,0
"TCGA-E2-A14R",0,845,62,1,1,0,0,0,1,0,0,0
"TCGA-E2-A14S",0,834,65,1,0,1,0,0,0,0,0,0
"TCGA-E2-A14T",0,890,52,1,0,0,0,0,1,0,0,0
"TCGA-E2-A14U",0,838,74,1,0,0,0,0,0,0,0,0
"TCGA-E2-A14V",0,748,53,1,0,0,1,0,1,0,0,0
"TCGA-E2-A14W",0,834,78,0,0,1,0,0,1,0,0,0
"TCGA-E2-A14X",0,692,55,1,1,0,0,0,1,0,0,0
"TCGA-E2-A14Y",0,688,35,1,1,0,0,0,1,0,0,0
"TCGA-E2-A14Z",0,518,64,1,0,0,0,0,0,0,0,0
"TCGA-E2-A150",0,591,48,1,1,0,0,0,1,0,0,0
"TCGA-E2-A152",0,588,56,1,0,0,1,0,0,0,0,0
"TCGA-E2-A153",0,586,51,1,0,0,0,0,0,0,0,0
"TCGA-E2-A154",0,325,68,1,0,0,0,0,0,0,0,0
"TCGA-E2-A155",0,553,58,1,0,1,0,0,1,0,0,0
"TCGA-E2-A156",0,481,61,1,0,0,0,0,0,0,0,0
"TCGA-E2-A158",0,450,43,1,1,0,0,0,0,0,0,0
"TCGA-E2-A159",0,515,50,1,1,0,0,0,1,0,0,0
"TCGA-E2-A15A",0,502,45,1,0,1,0,0,1,0,0,0
"TCGA-E2-A15C",0,497,61,1,0,0,0,0,0,0,0,0
"TCGA-E2-A15D",0,316,47,1,0,0,0,0,1,0,0,0
"TCGA-E2-A15E",0,518,40,1,0,0,0,0,0,0,0,0
"TCGA-E2-A15F",0,469,64,1,0,0,0,0,1,0,0,0
"TCGA-E2-A15G",0,316,76,1,0,0,0,0,1,0,0,0
"TCGA-E2-A15H",0,42,38,1,0,0,0,0,0,0,0,0
"TCGA-E2-A15I",0,411,44,1,0,0,0,0,1,0,0,0
"TCGA-E2-A15J",0,464,51,1,0,0,0,0,0,0,0,0
"TCGA-E2-A15K",0,34,58,1,0,1,0,0,1,0,0,0
"TCGA-E2-A15L",0,331,65,1,0,1,0,0,1,0,0,0
"TCGA-E2-A15M",0,235,66,1,0,1,0,0,1,0,0,0
"TCGA-E2-A15O",0,396,89,1,0,0,0,0,1,0,0,0
"TCGA-E2-A15P",0,315,61,1,0,0,0,0,0,0,0,0
"TCGA-E2-A15R",0,330,64,1,0,0,0,0,0,0,0,0
"TCGA-E2-A15S",0,274,34,1,0,1,0,0,1,0,0,0
"TCGA-E2-A15T",0,267,65,1,0,1,0,0,1,0,0,0
"TCGA-E2-A1AZ",0,1965,63,1,1,0,0,0,1,0,0,0
"TCGA-E2-A1B0",0,1271,50,1,0,0,1,0,1,0,0,0
"TCGA-E2-A1B1",0,1361,45,1,0,0,0,0,1,0,0,0
"TCGA-E2-A1B4",0,911,74,1,0,0,0,0,0,0,0,0
"TCGA-E2-A1B5",0,774,46,1,1,0,0,0,1,0,0,0
"TCGA-E2-A1B6",0,338,44,1,0,0,0,0,1,0,0,0
"TCGA-E2-A1BC",0,297,63,1,0,0,0,0,0,0,0,0
"TCGA-E2-A1BD",0,317,53,1,0,0,0,0,1,0,0,0
"TCGA-E2-A1IE",0,983,61,1,0,0,0,0,1,0,0,0
"TCGA-E2-A1IF",0,956,74,1,0,0,0,0,0,0,0,0
"TCGA-E2-A1IG",0,755,45,1,0,0,0,0,1,0,0,0
"TCGA-E2-A1IH",0,658,80,1,0,0,0,0,0,0,0,0
"TCGA-E2-A1II",0,850,51,1,0,0,0,0,0,0,0,0
"TCGA-E2-A1IJ",0,725,57,1,0,0,0,0,0,0,0,0
"TCGA-E2-A1IK",0,519,71,1,0,0,0,0,0,0,0,0
"TCGA-E2-A1IL",0,14,78,1,0,0,0,0,0,0,0,0
"TCGA-E2-A1IN",0,392,60,1,0,0,0,0,0,0,0,0
"TCGA-E2-A1IO",0,498,37,1,0,0,0,0,0,0,0,0
"TCGA-E2-A1IU",0,127,60,1,0,0,0,0,0,0,0,0
"TCGA-E2-A1L6",0,1312,44,1,0,0,0,0,0,0,0,0
"TCGA-E2-A1L7",0,633,40,1,0,0,0,0,1,0,0,0
"TCGA-E2-A1L8",0,1015,52,1,0,0,0,0,1,0,0,0
"TCGA-E2-A1L9",0,388,40,1,0,0,0,0,0,0,0,0
"TCGA-E2-A1LA",0,463,59,1,0,0,0,0,0,0,0,0
"TCGA-E2-A1LB",0,972,41,1,0,0,0,0,1,0,0,0
"TCGA-E2-A1LE",1,879,71,1,0,0,0,0,0,0,0,0
"TCGA-E2-A1LG",0,350,50,1,0,0,0,0,1,0,0,0
"TCGA-E2-A1LH",0,2876,59,1,0,0,0,0,0,0,0,0
"TCGA-E2-A1LI",0,2750,57,1,0,0,0,0,1,0,0,0
"TCGA-E2-A1LK",1,266,84,1,0,0,0,0,0,1,0,0
"TCGA-E2-A1LL",0,1014,73,1,0,0,0,0,0,1,0,0
"TCGA-E2-A1LS",0,239,46,1,0,0,0,0,0,0,0,0
"TCGA-E2-A2P5",1,326,78,1,0,0,0,0,0,0,0,0
"TCGA-E2-A2P6",0,168,77,1,0,0,0,0,0,0,0,0
"TCGA-E2-A3DX",0,217,43,1,0,0,0,0,0,0,0,0
"TCGA-E9-A1N4",0,5,41,1,0,0,0,0,1,0,0,0
"TCGA-E9-A1R2",0,19,51,1,0,0,0,0,1,0,0,0
"TCGA-E9-A1R3",0,64,70,1,0,0,0,0,1,0,0,0
"TCGA-E9-A1R4",0,29,66,1,0,0,0,0,0,0,0,0
"TCGA-E9-A1R5",0,42,63,1,0,0,0,0,0,0,0,0
"TCGA-E9-A1R6",0,84,63,1,0,0,0,0,1,0,0,0
"TCGA-E9-A1R7",0,34,64,1,0,0,0,0,1,0,0,0
"TCGA-E9-A1RA",0,29,48,1,0,0,0,0,0,0,0,0
"TCGA-E9-A1RB",0,21,40,1,0,0,0,0,1,0,0,0
"TCGA-E9-A1RC",0,1224,56,1,0,0,0,0,0,0,1,0
"TCGA-E9-A1RD",0,20,67,1,0,0,0,0,1,0,0,0
"TCGA-E9-A1RE",0,47,74,1,0,0,0,0,1,0,0,0
"TCGA-E9-A1RF",0,38,68,1,0,0,0,0,1,0,0,0
"TCGA-E9-A1RG",0,35,62,1,0,0,0,0,0,0,0,0
"TCGA-E9-A1RH",0,14,63,1,0,0,0,0,1,0,0,0
"TCGA-E9-A1RI",0,48,43,1,0,0,0,0,0,0,0,0
"TCGA-E9-A226",0,16,45,1,0,0,0,0,1,0,0,0
"TCGA-E9-A227",0,24,42,1,0,0,0,0,1,0,0,0
"TCGA-E9-A243",0,43,52,1,0,0,0,0,1,0,0,0
"TCGA-E9-A244",0,21,54,1,0,0,0,0,1,0,0,0
"TCGA-E9-A245",0,26,47,1,0,0,0,0,1,0,0,0
"TCGA-E9-A247",0,13,59,1,0,0,0,0,0,0,0,0
"TCGA-E9-A248",0,22,51,1,0,0,0,0,1,0,0,0
"TCGA-E9-A249",0,29,45,1,0,0,0,0,1,0,0,0
"TCGA-E9-A24A",0,11,69,1,0,0,0,0,0,0,0,0
"TCGA-E9-A295",0,22,71,1,0,0,0,0,0,0,0,0
"TCGA-E9-A2JS",1,13,72,1,0,0,0,0,0,0,0,0
"TCGA-E9-A2JT",0,23,63,1,0,0,0,0,0,0,0,0
"TCGA-E9-A3HO",0,19,49,1,0,0,0,0,0,0,0,0
"TCGA-E9-A3Q9",0,31,78,1,0,0,0,0,0,0,0,0
"TCGA-E9-A3QA",0,19,33,1,0,0,0,0,0,0,0,0
"TCGA-EW-A1IW",0,252,80,1,0,0,0,0,1,0,0,0
"TCGA-EW-A1IX",0,1082,48,1,0,0,0,0,0,0,0,0
"TCGA-EW-A1IY",0,258,38,1,0,0,0,0,0,0,0,0
"TCGA-EW-A1IZ",0,260,53,1,0,0,0,0,1,0,0,0
"TCGA-EW-A1J1",0,282,38,1,0,0,0,0,1,0,0,0
"TCGA-EW-A1J2",0,140,50,1,0,0,0,0,0,0,0,0
"TCGA-EW-A1J3",0,252,61,1,0,0,0,0,0,0,0,0
"TCGA-EW-A1J5",0,227,59,1,0,0,0,0,0,1,0,0
"TCGA-EW-A1J6",0,595,70,1,0,0,0,0,0,0,0,0
"TCGA-EW-A1OV",0,523,56,1,0,0,0,0,1,0,0,0
"TCGA-EW-A1OW",0,464,58,1,0,0,0,0,1,0,0,0
"TCGA-EW-A1OX",0,562,43,1,0,0,0,0,1,0,0,0
"TCGA-EW-A1OY",0,593,63,1,0,0,0,0,1,0,0,0
"TCGA-EW-A1OZ",0,941,56,1,0,0,0,0,1,0,0,0
"TCGA-EW-A1P0",0,1121,55,1,0,0,0,0,1,0,0,0
"TCGA-EW-A1P1",0,920,68,1,0,0,0,0,1,0,0,0
"TCGA-EW-A1P3",0,987,48,1,0,0,0,0,1,0,0,0
"TCGA-EW-A1P4",0,501,43,1,0,0,0,0,1,0,0,0
"TCGA-EW-A1P5",0,365,77,1,0,0,0,0,1,0,0,0
"TCGA-EW-A1P6",0,312,64,1,0,0,0,0,1,0,0,0
"TCGA-EW-A1P7",0,635,59,1,0,0,0,0,1,0,0,0
"TCGA-EW-A1P8",1,239,58,1,0,0,0,0,1,0,0,0
"TCGA-EW-A1PA",0,267,59,1,0,0,0,0,1,0,0,0
"TCGA-EW-A1PB",0,608,70,1,0,0,0,0,0,1,0,0
"TCGA-EW-A1PC",0,187,66,1,0,0,0,0,0,0,0,0
"TCGA-EW-A1PD",0,175,61,0,0,0,0,0,0,0,0,0
"TCGA-EW-A1PE",0,107,56,1,0,0,0,0,0,0,0,0
"TCGA-EW-A1PF",0,140,50,1,0,0,0,0,0,0,0,0
"TCGA-EW-A1PG",0,876,53,1,0,0,0,0,1,0,0,0
"TCGA-EW-A1PH",0,140,52,1,0,0,0,0,0,0,0,0
"TCGA-EW-A2FR",0,1120,59,1,0,0,0,0,0,0,0,0
"TCGA-EW-A2FS",0,1173,41,1,0,0,0,0,0,0,0,0
"TCGA-EW-A2FV",0,239,39,1,0,0,0,0,0,0,0,0
"TCGA-EW-A2FW",0,191,52,1,0,0,0,0,0,0,0,0
"TCGA-EW-A3U0",0,229,61,1,0,0,0,0,0,0,0,0
"TCGA-GI-A2C8",0,225,63,1,0,0,0,0,0,0,0,0
"TCGA-GI-A2C9",0,711,58,1,0,0,0,0,0,0,0,0
"TCGA-GM-A2D9",1,1812,69,1,0,0,0,0,0,0,0,0
"TCGA-GM-A2DA",0,5909,46,1,0,0,0,0,0,0,0,0
"TCGA-GM-A2DB",0,1616,62,1,0,0,0,0,0,0,0,0
"TCGA-GM-A2DC",0,1628,57,1,0,0,0,0,0,0,0,0
"TCGA-GM-A2DD",0,1309,53,1,0,0,0,0,0,0,0,0
"TCGA-GM-A2DF",0,1299,53,1,0,0,0,0,0,0,0,0
"TCGA-GM-A2DH",0,1286,58,1,0,0,0,0,0,0,0,0
"TCGA-GM-A2DI",0,1883,52,1,0,0,0,0,0,0,0,0
"TCGA-GM-A2DK",0,1896,58,1,0,0,0,0,0,0,0,0
"TCGA-GM-A2DL",0,2763,50,1,0,0,0,0,0,0,0,0
"TCGA-GM-A2DM",0,2331,57,1,0,0,0,0,0,0,0,0
"TCGA-GM-A2DN",0,2352,58,1,0,0,0,0,0,0,0,0
"TCGA-GM-A2DO",0,1623,54,1,0,0,0,0,0,0,0,0
"TCGA-GM-A3NW",0,2982,63,1,0,0,0,0,0,0,0,0
"TCGA-GM-A3NY",0,743,72,1,0,0,0,0,0,0,0,0
"TCGA-HN-A2NL",0,79,56,1,0,0,0,0,0,0,0,0
