"","EVENT","DAYS_TO_LAST_FOLLOWUP","AGE","GENDER","IIIB","IV","IIC","IIIA","IIB","IIA","G2","G1","GX","G4","GB"
"TCGA-04-1332",1,1247,70,1,0,0,0,0,0,0,0,0,0,0,0
"TCGA-04-1335",1,55,60,1,0,0,0,0,0,0,1,0,0,0,0
"TCGA-04-1336",0,1495,55,1,1,0,0,0,0,0,0,0,0,0,0
"TCGA-04-1337",1,61,78,1,0,0,0,0,0,0,1,0,0,0,0
"TCGA-04-1338",0,1418,78,1,0,0,0,0,0,0,0,0,0,0,0
"TCGA-04-1341",0,33,85,1,0,0,0,0,0,0,0,0,0,0,0
"TCGA-04-1342",1,563,80,1,0,1,0,0,0,0,1,0,0,0,0
"TCGA-04-1343",1,361,72,1,0,1,0,0,0,0,0,0,0,0,0
"TCGA-04-1346",0,1993,73,1,0,0,0,0,0,0,1,0,0,0,0
"TCGA-04-1347",0,1919,81,1,0,1,0,0,0,0,0,0,0,0,0
"TCGA-04-1348",1,1483,44,1,1,0,0,0,0,0,0,0,0,0,0
"TCGA-04-1349",1,656,69,1,0,1,0,0,0,0,0,0,0,0,0
"TCGA-04-1350",1,1946,46,1,0,0,0,0,0,0,0,0,0,0,0
"TCGA-04-1351",0,1991,76,1,0,0,0,0,0,0,1,0,0,0,0
"TCGA-04-1353",0,16,64,1,0,0,0,0,0,0,0,0,0,0,0
"TCGA-04-1356",1,1499,62,1,0,0,1,0,0,0,0,0,0,0,0
"TCGA-04-1361",0,989,57,1,1,0,0,0,0,0,0,0,0,0,0
"TCGA-04-1362",1,1348,59,1,0,0,1,0,0,0,0,0,0,0,0
"TCGA-04-1364",1,1024,61,1,0,0,0,0,0,0,0,0,0,0,0
"TCGA-04-1365",0,2329,87,1,1,0,0,0,0,0,0,0,0,0,0
"TCGA-04-1367",0,2174,50,1,0,0,0,0,0,0,0,0,0,0,0
"TCGA-04-1369",1,642,53,1,0,0,0,0,0,0,1,0,0,0,0
"TCGA-04-1371",0,2506,58,1,0,0,0,0,0,0,0,0,0,0,0
"TCGA-04-1514",1,1720,45,1,0,0,0,1,0,0,1,0,0,0,0
"TCGA-04-1516",0,1265,48,1,0,0,0,0,0,0,0,0,0,0,0
"TCGA-04-1517",1,608,79,1,0,0,0,0,0,0,0,0,0,0,0
"TCGA-04-1525",1,1167,47,1,0,0,0,0,0,0,0,0,0,0,0
"TCGA-04-1530",1,3622,68,1,0,0,0,0,0,0,0,0,0,0,0
"TCGA-04-1536",1,885,60,1,0,1,0,0,0,0,0,0,0,0,0
"TCGA-04-1542",1,2561,52,1,1,0,0,0,0,0,1,0,0,0,0
"TCGA-04-1638",1,1686,57,1,0,1,0,0,0,0,0,0,0,0,0
"TCGA-04-1644",1,1487,48,1,0,0,0,0,0,0,0,0,0,0,0
"TCGA-04-1646",1,848,60,1,0,0,0,0,0,0,0,0,0,0,0
"TCGA-04-1648",1,871,57,1,0,0,0,0,0,0,1,0,0,0,0
"TCGA-04-1649",0,1966,74,1,0,0,0,0,0,0,0,0,0,0,0
"TCGA-04-1651",1,1102,53,1,0,0,0,0,0,0,0,0,0,0,0
"TCGA-04-1652",1,969,76,1,0,0,0,0,0,0,1,0,0,0,0
"TCGA-04-1654",1,1451,69,1,0,0,0,0,0,0,1,0,0,0,0
"TCGA-04-1655",1,1380,49,1,1,0,0,0,0,0,1,0,0,0,0
"TCGA-09-0364",1,887,80,1,0,0,1,0,0,0,0,0,0,0,0
"TCGA-09-0365",1,288,70,1,0,0,0,0,0,0,0,0,0,0,0
"TCGA-09-0366",1,1757,55,1,0,0,0,0,0,0,0,0,0,0,0
"TCGA-09-0367",1,547,67,1,0,0,0,0,0,0,0,0,0,0,0
"TCGA-09-0369",1,1082,56,1,0,0,0,0,0,0,0,0,0,0,0
"TCGA-09-1659",1,304,51,1,0,0,0,0,0,0,0,0,0,0,0
"TCGA-09-1661",1,1169,75,1,0,0,0,0,0,0,0,0,0,0,0
"TCGA-09-1662",1,2717,58,1,0,1,0,0,0,0,0,0,0,0,0
"TCGA-09-1664",1,2279,37,1,0,0,0,0,0,0,0,1,0,0,0
"TCGA-09-1665",1,1266,73,1,0,0,0,0,0,0,1,0,0,0,0
"TCGA-09-1666",0,1752,57,1,0,0,0,0,0,0,0,0,0,0,0
"TCGA-09-1667",0,1882,61,1,0,0,1,0,0,0,1,0,0,0,0
"TCGA-09-1668",0,1684,57,1,0,0,0,0,0,0,0,0,0,0,0
"TCGA-09-1669",0,928,54,1,0,0,0,1,0,0,0,0,0,0,0
"TCGA-09-1670",0,547,57,1,0,0,0,1,0,0,0,0,0,0,0
"TCGA-09-1672",0,178,78,1,0,0,0,0,0,0,0,1,0,0,0
"TCGA-09-1673",0,92,50,1,0,1,0,0,0,0,0,0,0,0,0
"TCGA-09-1674",0,260,79,1,0,0,0,0,0,0,0,0,0,0,0
"TCGA-09-1675",0,2967,50,1,0,0,0,0,0,0,1,0,0,0,0
"TCGA-09-2043",0,188,69,1,0,0,0,0,0,0,0,0,0,0,0
"TCGA-09-2044",0,186,77,1,0,0,0,0,1,0,0,0,0,0,0
"TCGA-09-2045",1,1069,50,1,0,1,0,0,0,0,1,0,0,0,0
"TCGA-09-2049",0,3419,64,1,0,0,0,0,0,0,0,0,0,0,0
"TCGA-09-2050",0,2163,65,1,0,0,0,0,0,1,1,0,0,0,0
"TCGA-09-2051",0,1919,42,1,0,0,0,0,0,0,0,0,0,0,0
"TCGA-09-2053",0,1209,72,1,0,0,0,0,0,0,0,0,0,0,0
"TCGA-09-2054",1,637,58,1,0,0,0,0,0,0,0,0,0,0,0
"TCGA-09-2055",0,819,48,1,0,0,0,0,0,0,0,0,0,0,0
"TCGA-10-0925",1,1652,58,1,0,0,0,0,0,0,0,0,0,0,0
"TCGA-10-0926",1,788,63,1,0,0,0,0,0,0,0,0,0,0,0
"TCGA-10-0927",1,2490,65,1,0,0,0,0,0,0,0,0,0,0,0
"TCGA-10-0928",1,563,71,1,0,0,0,0,0,0,0,0,0,0,0
"TCGA-10-0930",1,1040,70,1,0,0,0,0,0,0,0,0,0,0,0
"TCGA-10-0931",1,1000,44,1,0,0,0,0,0,0,0,0,0,0,0
"TCGA-10-0933",1,446,77,1,0,0,0,0,0,0,0,0,0,0,0
"TCGA-10-0934",1,204,50,1,0,0,0,0,0,0,0,0,0,0,0
"TCGA-10-0935",1,1078,68,1,0,0,0,0,0,0,0,0,0,0,0
"TCGA-10-0936",1,1123,69,1,0,0,0,0,0,0,0,0,0,0,0
"TCGA-10-0937",1,608,44,1,0,0,0,0,0,0,0,0,0,0,0
"TCGA-10-0938",1,636,80,1,0,0,0,0,0,0,0,0,0,0,0
"TCGA-13-0714",1,189,55,1,0,1,0,0,0,0,0,0,0,0,0
"TCGA-13-0717",1,748,54,1,0,0,0,0,0,0,0,0,0,0,0
"TCGA-13-0720",1,1355,48,1,0,0,0,0,0,0,0,0,0,0,0
"TCGA-13-0723",1,1204,63,1,0,0,0,0,0,0,0,0,0,0,0
"TCGA-13-0724",1,83,72,1,0,1,0,0,0,0,0,0,0,0,0
"TCGA-13-0725",1,377,44,1,0,0,0,0,0,0,0,0,0,0,0
"TCGA-13-0726",1,949,55,1,0,0,0,0,0,0,0,0,0,0,0
"TCGA-13-0727",1,462,71,1,0,0,0,0,0,0,0,0,0,0,0
"TCGA-13-0730",1,542,71,1,0,0,0,0,0,0,0,0,0,0,0
"TCGA-13-0751",1,1678,44,1,0,0,0,0,0,0,0,0,0,0,0
"TCGA-13-0755",1,76,75,1,0,1,0,0,0,0,0,0,0,0,0
"TCGA-13-0757",1,340,71,1,0,0,0,0,0,0,0,0,0,0,0
"TCGA-13-0758",1,346,60,1,0,0,0,0,0,0,0,0,0,0,0
"TCGA-13-0760",1,351,63,1,0,1,0,0,0,0,0,0,0,0,0
"TCGA-13-0761",0,1036,51,1,0,1,0,0,0,0,0,0,0,0,0
"TCGA-13-0762",0,981,65,1,0,0,0,0,0,0,0,0,0,0,0
"TCGA-13-0764",0,944,62,1,0,1,0,0,0,0,0,0,0,0,0
"TCGA-13-0766",0,651,42,1,0,0,0,0,0,0,0,0,0,0,0
"TCGA-13-0768",0,257,73,1,0,0,0,0,0,0,0,0,0,0,0
"TCGA-13-0791",0,1184,58,1,0,0,0,0,0,0,0,0,0,0,0
"TCGA-13-0792",0,1117,40,1,0,0,0,0,0,0,0,0,0,0,0
"TCGA-13-0793",0,873,40,1,0,1,0,0,0,0,0,0,0,0,0
"TCGA-13-0794",0,923,60,1,0,0,0,0,0,0,0,0,0,0,0
"TCGA-13-0795",0,596,66,1,0,0,0,0,0,0,0,0,0,0,0
"TCGA-13-0797",0,265,49,1,0,0,0,0,0,0,0,0,0,0,0
"TCGA-13-0799",0,237,44,1,0,0,0,0,0,0,0,0,0,0,0
"TCGA-13-0800",0,247,52,1,0,0,0,0,0,0,0,0,0,0,0
"TCGA-13-0801",0,252,46,1,0,0,0,0,0,0,0,0,0,0,0
"TCGA-13-0802",0,249,79,1,0,0,0,0,0,0,0,0,0,0,0
"TCGA-13-0803",1,1334,81,1,0,0,0,0,0,0,0,0,0,0,0
"TCGA-13-0804",1,1073,73,1,0,0,0,0,0,0,0,0,0,0,0
"TCGA-13-0805",1,1074,57,1,0,0,0,0,0,0,0,0,0,0,0
"TCGA-13-0807",1,414,54,1,0,0,0,0,0,0,0,0,0,0,0
"TCGA-13-0883",1,2097,61,1,0,0,0,0,0,0,0,0,0,0,0
"TCGA-13-0884",1,3260,39,1,0,0,0,0,0,0,0,0,0,0,0
"TCGA-13-0885",0,2780,70,1,0,0,0,0,0,0,0,0,0,0,0
"TCGA-13-0886",0,2259,67,1,0,0,0,0,0,0,0,0,0,0,0
"TCGA-13-0887",1,2028,42,1,0,0,0,0,0,0,0,0,0,0,0
"TCGA-13-0888",0,2141,78,1,0,0,0,0,0,0,0,0,0,0,0
"TCGA-13-0889",0,1881,75,1,0,1,0,0,0,0,0,0,0,0,0
"TCGA-13-0890",0,2068,56,1,0,0,0,0,0,0,0,0,0,0,0
"TCGA-13-0891",0,2099,73,1,0,1,0,0,0,0,0,0,0,0,0
"TCGA-13-0893",1,1319,48,1,0,0,0,0,0,0,0,0,0,0,0
"TCGA-13-0894",1,1509,53,1,0,0,0,0,0,0,0,0,0,0,0
"TCGA-13-0897",0,1748,54,1,0,0,0,0,0,0,0,0,0,0,0
"TCGA-13-0899",0,1708,60,1,0,0,0,0,0,0,0,0,0,0,0
"TCGA-13-0900",0,1736,59,1,0,0,0,0,0,0,0,0,0,0,0
"TCGA-13-0901",0,589,41,1,0,0,0,0,0,0,0,0,0,0,0
"TCGA-13-0903",0,1441,42,1,0,1,0,0,0,0,0,0,0,0,0
"TCGA-13-0904",0,1470,63,1,0,0,0,0,0,0,0,0,0,0,0
"TCGA-13-0905",0,1455,51,1,0,0,0,0,0,0,0,0,0,0,0
"TCGA-13-0906",0,1367,50,1,0,0,0,0,0,0,0,0,0,0,0
"TCGA-13-0908",0,1364,58,1,0,1,0,0,0,0,0,0,0,0,0
"TCGA-13-0910",0,1128,58,1,0,0,0,0,0,0,0,0,0,0,0
"TCGA-13-0911",0,843,55,1,0,1,0,0,0,0,0,0,0,0,0
"TCGA-13-0912",0,1036,58,1,0,0,0,0,0,0,0,0,0,0,0
"TCGA-13-0913",0,912,53,1,0,0,0,0,0,0,0,0,0,0,0
"TCGA-13-0916",0,644,49,1,0,0,0,0,0,0,0,0,0,0,0
"TCGA-13-0919",0,453,52,1,0,0,0,0,0,0,0,0,0,0,0
"TCGA-13-0920",0,420,65,1,0,0,0,0,0,0,0,0,0,0,0
"TCGA-13-0921",0,141,72,1,0,0,0,0,0,0,0,0,0,0,0
"TCGA-13-0923",0,195,74,1,0,0,0,0,0,0,0,0,0,0,0
"TCGA-13-0924",0,185,45,1,0,1,0,0,0,0,0,0,0,0,0
"TCGA-13-1403",0,331,48,1,0,0,0,0,0,0,0,0,0,0,0
"TCGA-13-1404",0,201,48,1,0,0,0,0,0,0,0,0,0,0,0
"TCGA-13-1405",0,224,49,1,0,1,0,0,0,0,0,0,0,0,0
"TCGA-13-1407",0,184,51,1,0,0,0,0,0,0,0,0,0,0,0
"TCGA-13-1408",0,180,59,1,0,0,0,0,0,0,0,0,0,0,0
"TCGA-13-1409",0,208,73,1,0,0,0,0,0,0,0,0,0,0,0
"TCGA-13-1410",0,143,57,1,0,1,0,0,0,0,0,0,1,0,0
"TCGA-13-1411",0,128,81,1,0,0,0,0,0,0,0,0,0,0,0
"TCGA-13-1412",0,162,41,1,0,1,0,0,0,0,0,0,0,0,0
"TCGA-13-1477",1,1662,49,1,0,1,0,0,0,0,1,0,0,0,0
"TCGA-13-1481",1,2648,76,1,0,0,0,0,0,0,1,0,0,0,0
"TCGA-13-1482",1,1877,52,1,0,1,0,0,0,0,1,0,0,0,0
"TCGA-13-1483",1,895,61,1,0,0,0,0,0,0,0,0,0,0,0
"TCGA-13-1484",0,2982,62,1,0,0,0,0,0,0,0,0,0,0,0
"TCGA-13-1485",1,629,48,1,0,1,0,0,0,0,1,0,0,0,0
"TCGA-13-1487",1,681,74,1,0,1,0,0,0,0,0,0,1,0,0
"TCGA-13-1488",1,2154,59,1,0,1,0,0,0,0,0,0,0,0,0
"TCGA-13-1489",0,2521,70,1,0,0,0,0,0,0,1,0,0,0,0
"TCGA-13-1491",1,1595,55,1,0,0,0,0,0,0,0,0,0,0,0
"TCGA-13-1492",0,2237,66,1,0,0,0,0,0,0,0,0,0,0,0
"TCGA-13-1494",0,1162,43,1,0,1,0,0,0,0,0,0,0,0,0
"TCGA-13-1495",0,1498,60,1,0,0,0,0,0,0,1,0,0,0,0
"TCGA-13-1496",1,129,65,1,0,0,0,0,0,0,0,0,0,0,0
"TCGA-13-1497",0,1652,47,1,0,0,0,0,0,0,0,0,0,0,0
"TCGA-13-1498",0,1144,73,1,0,0,0,0,0,0,0,0,0,0,0
"TCGA-13-1499",0,1168,56,1,0,0,0,0,0,0,0,0,0,0,0
"TCGA-13-1500",1,425,71,1,0,0,0,0,0,0,0,0,0,0,0
"TCGA-13-1501",0,999,50,1,0,1,0,0,0,0,0,0,0,0,0
"TCGA-13-1504",0,504,68,1,0,0,0,0,0,0,0,0,0,0,0
"TCGA-13-1505",0,128,63,1,0,0,0,0,0,0,0,0,0,0,0
"TCGA-13-1506",0,134,45,1,0,0,0,0,0,0,0,0,0,0,0
"TCGA-13-1507",0,145,77,1,0,0,0,0,0,0,0,0,0,0,0
"TCGA-13-1509",0,127,64,1,0,1,0,0,0,0,0,0,0,0,0
"TCGA-13-1510",0,78,62,1,0,0,0,0,0,0,0,0,0,0,0
"TCGA-13-1511",0,119,52,1,0,1,0,0,0,0,0,0,0,0,0
"TCGA-13-1512",0,94,49,1,0,0,0,0,0,0,0,0,0,0,0
"TCGA-13-1817",1,1024,56,1,0,0,0,0,0,0,0,0,0,0,0
"TCGA-13-1819",1,1946,59,1,0,0,0,0,0,0,0,0,0,0,0
"TCGA-13-2057",0,433,59,1,0,0,0,0,0,0,0,0,0,0,0
"TCGA-13-2059",0,372,50,1,0,0,0,0,0,0,0,0,0,0,0
"TCGA-13-2060",0,262,51,1,0,1,0,0,0,0,0,0,0,0,0
"TCGA-13-2061",0,328,58,1,0,0,0,0,0,0,0,0,0,0,0
"TCGA-13-2065",0,266,71,1,0,0,0,0,0,0,0,0,0,0,0
"TCGA-13-2066",1,295,49,1,0,0,0,0,0,0,0,0,0,0,0
"TCGA-13-2071",1,191,63,1,0,0,0,0,0,0,0,0,0,0,0
"TCGA-20-0987",1,701,61,1,0,0,0,0,0,0,0,0,0,0,0
"TCGA-20-0990",0,789,74,1,0,0,0,0,0,0,0,0,0,0,0
"TCGA-20-0991",0,797,78,1,0,0,0,0,1,0,0,0,0,0,0
"TCGA-20-0996",0,2196,59,1,0,0,0,0,0,0,0,0,0,0,0
"TCGA-20-1682",0,837,56,1,0,0,0,0,0,0,0,0,1,0,0
"TCGA-20-1683",0,772,65,1,0,0,0,0,0,0,0,0,0,0,0
"TCGA-20-1684",0,581,51,1,0,0,0,0,0,0,0,0,0,0,0
"TCGA-20-1685",0,508,45,1,0,0,0,0,0,0,0,0,0,0,0
"TCGA-20-1686",0,89,75,1,0,0,0,0,0,0,0,0,0,0,0
"TCGA-20-1687",0,81,46,1,0,1,0,0,0,0,0,0,0,0,0
"TCGA-23-1021",1,1446,45,1,0,1,0,0,0,0,0,0,0,0,0
"TCGA-23-1022",1,1511,67,1,0,0,0,0,0,0,0,0,0,0,0
"TCGA-23-1023",0,1233,65,1,0,0,0,0,0,0,0,0,0,0,0
"TCGA-23-1024",0,468,52,1,0,1,0,0,0,0,0,0,0,0,0
"TCGA-23-1026",0,816,45,1,0,0,0,0,0,0,0,0,0,0,0
"TCGA-23-1027",1,976,48,1,0,0,0,0,0,0,0,0,0,0,0
"TCGA-23-1028",0,1503,43,1,0,0,0,0,0,0,0,0,0,0,0
"TCGA-23-1029",0,268,46,1,0,0,0,0,0,0,0,0,0,0,0
"TCGA-23-1030",0,886,64,1,0,0,0,0,0,0,0,0,0,0,0
"TCGA-23-1031",1,575,60,1,0,1,0,0,0,0,0,0,0,0,0
"TCGA-23-1032",1,84,73,1,0,1,0,0,0,0,0,0,0,0,0
"TCGA-23-1109",1,1562,62,1,0,0,0,0,0,0,0,0,0,0,0
"TCGA-23-1110",0,1658,42,1,0,0,0,0,0,0,0,0,0,0,0
"TCGA-23-1111",0,98,63,1,0,0,0,0,0,0,0,0,0,0,0
"TCGA-23-1113",1,949,48,1,0,1,0,0,0,0,0,0,0,0,0
"TCGA-23-1114",1,2089,55,1,0,0,0,0,0,0,0,0,0,0,0
"TCGA-23-1116",0,139,83,1,0,0,0,0,0,0,0,0,0,0,0
"TCGA-23-1117",1,1013,42,1,0,0,0,0,0,0,0,0,0,0,0
"TCGA-23-1118",0,2616,45,1,0,0,0,0,0,0,0,0,0,0,0
"TCGA-23-1119",0,3953,64,1,0,0,0,0,0,0,0,0,0,0,0
"TCGA-23-1120",0,130,60,1,0,0,0,0,0,0,0,0,0,0,0
"TCGA-23-1121",0,194,51,1,0,0,0,0,0,0,0,0,0,0,0
"TCGA-23-1122",1,1189,53,1,0,0,0,0,0,0,0,0,0,0,0
"TCGA-23-1123",1,1018,59,1,0,0,0,0,0,0,0,0,0,0,0
"TCGA-23-1124",1,1768,62,1,0,0,0,0,0,0,0,0,0,0,0
"TCGA-23-1809",0,16,63,1,0,0,1,0,0,0,0,0,0,0,0
"TCGA-23-2072",1,759,58,1,0,1,0,0,0,0,0,0,0,0,0
"TCGA-23-2077",0,3525,45,1,0,0,0,0,0,0,0,0,0,0,0
"TCGA-23-2078",0,2661,66,1,0,0,0,0,0,0,0,0,0,0,0
"TCGA-23-2079",0,2788,46,1,0,0,0,0,0,0,0,0,0,0,0
"TCGA-23-2081",1,2342,49,1,0,1,0,0,0,0,0,0,0,0,0
"TCGA-23-2084",1,1516,45,1,0,1,0,0,0,0,0,0,0,0,0
"TCGA-23-2641",0,84,85,1,0,0,0,0,0,0,0,0,0,0,0
"TCGA-23-2643",0,143,74,1,0,0,0,0,0,0,0,0,0,0,0
"TCGA-23-2645",0,137,54,1,0,0,0,0,0,0,0,0,0,0,0
"TCGA-24-0966",0,232,78,1,0,0,0,0,0,0,0,0,0,0,0
"TCGA-24-0968",1,598,59,1,0,0,0,0,0,0,0,0,0,0,0
"TCGA-24-0970",1,354,63,1,0,0,0,0,0,0,0,0,0,0,0
"TCGA-24-0975",1,663,58,1,0,0,0,0,0,0,0,0,0,0,0
"TCGA-24-0979",1,1264,53,1,0,1,0,0,0,0,0,0,0,0,0
"TCGA-24-0980",1,233,53,1,0,0,0,0,0,0,0,0,0,0,0
"TCGA-24-0982",1,679,77,1,0,0,0,0,0,0,0,0,0,0,0
"TCGA-24-1103",1,1646,50,1,0,0,0,0,0,0,0,0,0,0,0
"TCGA-24-1104",1,1933,56,1,0,1,0,0,0,0,0,0,0,0,0
"TCGA-24-1105",1,1442,36,1,0,0,0,0,0,0,0,0,0,0,0
"TCGA-24-1413",0,192,51,1,0,0,0,0,0,0,0,0,0,0,0
"TCGA-24-1416",0,194,34,1,0,1,0,0,0,0,0,0,0,0,0
"TCGA-24-1417",0,238,54,1,0,1,0,0,0,0,0,0,0,0,0
"TCGA-24-1418",0,243,68,1,0,0,0,0,0,0,0,0,0,0,0
"TCGA-24-1419",0,239,62,1,0,0,0,0,0,0,0,0,0,0,0
"TCGA-24-1422",1,23,82,1,0,0,0,0,0,0,0,0,0,0,0
"TCGA-24-1423",0,190,61,1,0,0,0,0,0,0,0,0,0,0,0
"TCGA-24-1424",0,183,67,1,0,0,0,0,0,0,0,0,0,0,0
"TCGA-24-1425",0,181,45,1,0,0,0,0,0,0,0,0,0,0,0
"TCGA-24-1426",0,163,43,1,0,0,0,0,0,0,0,0,0,0,0
"TCGA-24-1427",0,147,58,1,0,0,0,0,0,0,0,0,0,0,0
"TCGA-24-1428",0,529,50,1,0,0,0,0,0,0,0,0,0,0,0
"TCGA-24-1430",1,863,68,1,0,0,0,0,0,0,0,0,0,0,0
"TCGA-24-1431",1,583,67,1,0,0,0,0,0,0,0,0,0,0,0
"TCGA-24-1434",1,568,59,1,0,0,0,0,0,0,0,0,0,0,0
"TCGA-24-1435",1,1324,57,1,0,0,0,0,0,0,0,0,0,0,0
"TCGA-24-1436",1,260,57,1,0,0,0,0,0,0,0,0,0,0,0
"TCGA-24-1463",1,2218,70,1,0,0,0,0,0,0,0,0,0,0,0
"TCGA-24-1464",1,379,70,1,0,0,0,0,0,0,0,0,0,0,0
"TCGA-24-1466",1,1373,74,1,0,0,0,0,0,0,0,0,0,0,0
"TCGA-24-1467",1,3224,51,1,0,0,0,0,0,0,0,0,0,0,0
"TCGA-24-1469",0,277,71,1,0,0,0,0,0,0,0,0,0,0,0
"TCGA-24-1470",0,105,54,1,1,0,0,0,0,0,0,0,0,0,0
"TCGA-24-1471",0,36,60,1,0,0,0,0,0,0,0,0,0,0,0
"TCGA-24-1474",1,676,57,1,0,0,0,0,0,0,0,0,0,0,0
"TCGA-24-1544",1,820,71,1,0,0,0,0,0,0,0,0,0,0,0
"TCGA-24-1545",1,1746,69,1,0,0,0,0,0,0,0,0,0,0,0
"TCGA-24-1546",1,1955,46,1,0,0,0,0,0,0,0,0,0,0,0
"TCGA-24-1548",1,493,57,1,0,0,0,0,0,0,0,0,0,0,0
"TCGA-24-1549",1,1721,58,1,1,0,0,0,0,0,0,0,0,0,0
"TCGA-24-1550",1,1249,49,1,0,0,0,0,0,0,0,0,0,0,0
"TCGA-24-1551",1,1579,53,1,0,0,0,0,0,0,0,0,0,0,0
"TCGA-24-1552",1,1259,77,1,0,0,0,0,0,0,0,0,0,0,0
"TCGA-24-1553",1,1767,53,1,1,0,0,0,0,0,0,0,0,0,0
"TCGA-24-1555",1,2692,50,1,0,0,0,0,0,0,0,0,0,0,0
"TCGA-24-1556",1,2148,50,1,0,0,0,0,1,0,0,0,0,0,0
"TCGA-24-1557",1,1213,49,1,0,0,0,0,0,0,0,0,0,0,0
"TCGA-24-1558",1,594,73,1,0,0,0,0,0,0,0,0,0,0,0
"TCGA-24-1560",1,1341,51,1,0,0,0,0,0,0,0,0,0,1,0
"TCGA-24-1562",1,1384,67,1,0,0,0,0,0,0,0,0,0,0,0
"TCGA-24-1563",1,1451,66,1,0,0,0,0,0,0,0,0,0,0,0
"TCGA-24-1564",1,787,67,1,0,0,0,0,0,0,0,0,0,0,0
"TCGA-24-1565",1,312,74,1,0,0,0,0,0,0,0,0,0,0,0
"TCGA-24-1567",1,524,54,1,1,0,0,0,0,0,0,0,0,0,0
"TCGA-24-1603",1,2742,53,1,1,0,0,0,0,0,0,0,0,0,0
"TCGA-24-1604",1,2688,66,1,0,0,0,0,0,0,0,0,0,0,0
"TCGA-24-1614",1,1470,57,1,0,0,0,0,0,0,0,0,0,0,0
"TCGA-24-1616",1,1163,56,1,0,0,0,0,0,0,0,0,0,0,0
"TCGA-24-1842",0,253,49,1,0,0,0,0,0,0,0,0,0,0,0
"TCGA-24-1843",0,106,66,1,0,0,0,0,0,0,0,0,0,0,0
"TCGA-24-1844",0,113,64,1,0,0,0,0,0,0,0,0,0,0,0
"TCGA-24-1845",0,116,42,1,0,0,0,0,0,0,0,0,0,0,0
"TCGA-24-1846",0,133,45,1,0,0,0,0,0,0,0,0,0,0,0
"TCGA-24-1847",0,343,45,1,0,1,0,0,0,0,0,0,0,0,0
"TCGA-24-1849",0,176,80,1,0,0,0,0,0,0,0,0,0,0,0
"TCGA-24-1850",0,168,72,1,0,0,0,0,0,0,0,0,0,0,0
"TCGA-24-1852",1,2201,55,1,0,0,0,0,0,0,0,0,0,0,0
"TCGA-24-1920",0,298,74,1,0,0,0,0,0,0,0,0,0,0,0
"TCGA-24-1923",1,690,51,1,0,0,0,0,0,0,0,0,0,0,0
"TCGA-24-1924",1,919,65,1,0,0,0,0,0,0,0,0,0,0,0
"TCGA-24-1927",1,500,59,1,0,0,0,0,0,0,0,0,0,0,0
"TCGA-24-1928",1,336,77,1,0,0,0,0,0,0,0,0,0,0,0
"TCGA-24-1930",1,2467,53,1,0,0,0,0,0,0,0,0,0,0,0
"TCGA-24-2019",0,148,46,1,0,0,0,0,0,0,0,0,0,0,0
"TCGA-24-2020",1,4624,67,1,0,0,0,0,0,0,0,0,0,0,0
"TCGA-24-2023",1,1364,54,1,0,0,0,1,0,0,0,0,0,0,0
"TCGA-24-2024",1,1769,72,1,0,0,0,0,0,0,0,0,0,0,0
"TCGA-24-2026",1,1059,79,1,0,0,0,0,0,0,0,0,0,0,0
"TCGA-24-2027",1,3337,51,1,0,1,0,0,0,0,0,0,0,0,0
"TCGA-24-2029",1,439,75,1,0,0,0,0,0,0,0,0,0,0,0
"TCGA-24-2030",1,1701,87,1,0,0,0,0,0,0,0,0,0,0,0
"TCGA-24-2033",1,562,87,1,0,0,0,0,0,0,0,0,0,0,0
"TCGA-24-2035",1,857,65,1,0,0,0,0,0,0,0,0,0,0,0
"TCGA-24-2038",1,1354,68,1,0,0,0,1,0,0,0,0,0,0,1
"TCGA-24-2254",1,1736,66,1,0,0,0,0,0,0,0,0,0,0,0
"TCGA-24-2260",1,1100,74,1,1,0,0,0,0,0,0,0,0,0,0
"TCGA-24-2261",1,24,76,1,0,0,0,0,0,0,0,0,0,0,0
"TCGA-24-2262",1,11,57,1,0,0,0,0,0,0,0,0,0,0,0
"TCGA-24-2267",1,1446,58,1,0,0,0,0,1,0,0,0,0,0,0
"TCGA-24-2271",1,962,55,1,0,0,0,0,0,0,0,0,0,0,0
"TCGA-24-2280",0,2143,74,1,0,0,0,0,0,0,0,0,0,0,0
"TCGA-24-2281",0,1357,68,1,0,0,0,0,0,1,0,0,0,0,0
"TCGA-24-2288",1,25,70,1,0,0,0,0,0,0,0,0,0,0,0
"TCGA-24-2289",1,2049,68,1,0,1,0,0,0,0,0,0,0,0,0
"TCGA-24-2290",1,1102,56,1,0,0,0,0,0,0,0,0,0,0,0
"TCGA-24-2293",1,506,47,1,0,0,0,0,0,0,0,0,0,0,0
"TCGA-24-2295",1,1007,69,1,0,0,0,0,0,0,0,0,0,0,0
"TCGA-24-2297",1,1699,56,1,0,0,0,0,0,0,0,0,0,0,0
"TCGA-24-2298",1,1620,55,1,0,0,0,0,0,0,0,0,0,0,0
"TCGA-25-1312",1,31,69,1,0,1,0,0,0,0,0,0,0,0,0
"TCGA-25-1313",1,820,62,1,0,1,0,0,0,0,0,0,0,0,0
"TCGA-25-1314",1,1004,42,1,0,1,0,0,0,0,0,0,0,0,0
"TCGA-25-1315",1,1583,50,1,0,0,0,0,0,0,0,0,0,0,0
"TCGA-25-1316",1,1279,55,1,0,0,0,0,0,0,0,0,0,0,0
"TCGA-25-1317",1,61,66,1,0,0,0,0,0,0,0,0,0,0,0
"TCGA-25-1318",1,1064,54,1,0,0,0,0,0,0,0,0,0,0,0
"TCGA-25-1319",1,1977,73,1,0,0,0,0,0,0,0,0,0,0,0
"TCGA-25-1320",1,1155,65,1,0,0,0,0,0,0,0,0,0,0,0
"TCGA-25-1321",1,1033,65,1,0,0,0,0,0,0,0,0,0,0,0
"TCGA-25-1322",1,91,62,1,0,1,0,0,0,0,0,0,0,0,0
"TCGA-25-1323",1,395,72,1,0,0,0,0,0,0,0,0,0,0,0
"TCGA-25-1324",1,1035,74,1,0,0,0,0,0,0,0,0,0,0,0
"TCGA-25-1326",1,1249,61,1,0,0,0,0,0,0,0,0,0,0,0
"TCGA-25-1328",1,2009,38,1,0,0,0,0,0,0,0,0,0,0,0
"TCGA-25-1329",1,457,76,1,0,0,0,0,0,0,0,0,0,0,0
"TCGA-25-1623",1,565,71,1,0,1,0,0,0,0,0,0,0,0,0
"TCGA-25-1625",1,840,66,1,0,0,0,0,0,0,0,0,0,0,0
"TCGA-25-1626",1,518,65,1,0,0,0,0,0,0,0,0,0,0,0
"TCGA-25-1627",1,394,73,1,0,0,0,0,0,0,0,0,0,0,0
"TCGA-25-1628",1,627,67,1,0,0,0,0,0,0,0,0,0,0,0
"TCGA-25-1630",1,1162,73,1,0,0,0,0,0,0,0,0,0,0,0
"TCGA-25-1631",1,9,73,1,0,0,0,0,0,0,0,0,0,0,0
"TCGA-25-1632",1,1799,68,1,0,1,0,0,0,0,0,0,0,0,0
"TCGA-25-1633",1,1891,64,1,0,0,0,0,0,0,0,0,0,0,0
"TCGA-25-1634",1,1091,75,1,0,0,0,0,0,0,0,0,0,0,0
"TCGA-25-1635",1,1583,71,1,0,0,0,0,0,0,0,0,0,0,0
"TCGA-25-1870",1,455,59,1,0,0,0,0,0,0,0,0,0,0,0
"TCGA-25-1871",1,760,70,1,0,0,0,0,0,0,0,0,0,0,0
"TCGA-25-1877",1,730,81,1,0,0,0,0,0,0,0,0,0,0,0
"TCGA-25-1878",1,2587,60,1,0,0,0,0,0,0,0,0,0,0,0
"TCGA-25-2042",1,396,60,1,0,0,0,0,0,0,0,0,0,0,0
"TCGA-25-2391",1,1492,57,1,0,0,0,0,0,0,0,0,0,0,0
"TCGA-25-2392",1,31,75,1,0,1,0,0,0,0,0,0,0,0,0
"TCGA-25-2393",1,1157,81,1,0,0,0,0,0,0,0,0,0,0,0
"TCGA-25-2396",1,92,71,1,0,0,0,0,0,0,0,0,0,0,0
"TCGA-25-2397",1,365,59,1,0,1,0,0,0,0,0,0,0,0,0
"TCGA-25-2398",1,1369,71,1,0,0,0,0,0,0,0,0,0,0,0
"TCGA-25-2399",1,608,80,1,0,0,0,0,0,0,0,0,0,0,0
"TCGA-25-2400",1,1278,76,1,0,0,0,0,0,0,0,0,0,0,0
"TCGA-25-2401",1,90,64,1,0,0,0,0,0,0,0,0,0,0,0
"TCGA-25-2404",1,883,38,1,0,0,0,0,0,0,0,0,0,0,0
"TCGA-25-2408",1,943,37,1,0,1,0,0,0,0,1,0,0,0,0
"TCGA-25-2409",1,821,71,1,0,1,0,0,0,0,0,0,0,0,0
"TCGA-29-1688",1,2400,39,1,0,0,0,0,0,0,1,0,0,0,0
"TCGA-29-1690",1,1448,66,1,0,0,0,0,0,0,1,0,0,0,0
"TCGA-29-1691",1,1470,51,1,0,0,0,0,0,0,1,0,0,0,0
"TCGA-29-1692",1,2872,58,1,0,0,0,0,0,0,1,0,0,0,0
"TCGA-29-1693",0,3096,72,1,0,0,0,0,0,0,0,0,0,0,0
"TCGA-29-1694",1,1187,45,1,0,0,0,0,0,0,0,0,1,0,0
"TCGA-29-1695",1,1229,62,1,0,0,0,0,0,0,1,0,0,0,0
"TCGA-29-1696",1,1032,43,1,0,0,0,0,0,0,1,0,0,0,0
"TCGA-29-1697",1,949,62,1,0,0,0,0,0,0,0,0,0,0,0
"TCGA-29-1698",0,2078,53,1,0,0,0,0,0,0,0,0,0,0,0
"TCGA-29-1699",1,1106,57,1,0,0,0,0,0,0,0,0,0,0,0
"TCGA-29-1701",1,515,56,1,0,0,0,0,0,0,0,0,0,0,0
"TCGA-29-1702",1,728,84,1,0,0,0,0,0,0,0,0,0,0,0
"TCGA-29-1703",1,1815,56,1,0,0,0,0,0,0,1,0,0,0,0
"TCGA-29-1704",0,1587,61,1,0,0,0,0,0,0,0,0,0,0,0
"TCGA-29-1705",1,555,47,1,0,0,0,0,0,0,1,0,0,0,0
"TCGA-29-1707",0,1277,41,1,0,0,1,0,0,0,0,0,0,0,0
"TCGA-29-1710",1,951,54,1,0,0,0,0,0,0,1,0,0,0,0
"TCGA-29-1711",0,1053,45,1,0,0,0,0,0,0,1,0,0,0,0
"TCGA-29-1761",1,528,80,1,0,0,0,0,0,0,0,0,0,0,0
"TCGA-29-1762",1,2634,59,1,0,1,0,0,0,0,1,0,0,0,0
"TCGA-29-1763",0,2032,43,1,0,0,1,0,0,0,1,0,0,0,0
"TCGA-29-1764",0,1914,49,1,0,0,0,0,0,0,1,0,0,0,0
"TCGA-29-1766",1,1199,74,1,0,0,0,0,0,0,1,0,0,0,0
"TCGA-29-1768",1,952,50,1,0,1,0,0,0,0,0,0,0,0,0
"TCGA-29-1769",0,699,40,1,0,0,0,0,0,0,0,0,0,0,0
"TCGA-29-1770",0,741,54,1,0,0,0,0,0,0,1,0,0,0,0
"TCGA-29-1771",0,686,76,1,0,0,0,0,0,0,1,0,0,0,0
"TCGA-29-1774",0,527,82,1,0,0,0,0,0,0,0,0,0,0,0
"TCGA-29-1775",0,376,51,1,0,0,0,0,0,0,1,0,0,0,0
"TCGA-29-1776",0,360,63,1,0,0,0,0,0,0,0,0,0,0,0
"TCGA-29-1777",0,374,47,1,0,0,0,0,0,0,1,0,0,0,0
"TCGA-29-1778",0,454,77,1,0,0,0,0,0,0,0,0,0,0,0
"TCGA-29-1781",0,255,69,1,0,0,0,0,0,0,0,0,0,0,0
"TCGA-29-1783",0,220,58,1,0,0,0,0,0,0,0,0,0,0,0
"TCGA-29-1784",0,163,55,1,0,0,0,0,0,0,0,0,0,0,0
"TCGA-29-1785",1,1104,55,1,0,0,0,0,0,0,0,0,0,0,0
"TCGA-29-2425",0,1977,60,1,0,0,0,0,0,0,1,0,0,0,0
"TCGA-29-2427",0,1900,60,1,0,0,0,0,0,0,0,0,0,0,0
"TCGA-29-2428",0,1372,58,1,0,0,0,0,0,0,0,0,0,0,0
"TCGA-29-2429",1,421,79,1,0,0,0,0,0,0,0,0,0,0,0
"TCGA-29-2431",0,1285,59,1,0,0,0,0,0,0,1,0,0,0,0
"TCGA-29-2432",1,653,61,1,0,0,0,0,0,0,0,0,0,0,0
"TCGA-29-2434",0,349,52,1,0,0,0,0,0,0,0,0,0,0,0
"TCGA-29-2436",0,297,36,1,0,0,0,0,0,0,1,0,0,0,0
"TCGA-30-1714",1,1158,68,1,0,1,0,0,0,0,0,0,0,0,0
"TCGA-30-1718",1,1579,44,1,0,0,0,0,0,0,0,0,0,0,0
"TCGA-30-1853",1,1103,58,1,0,0,0,0,0,0,0,0,0,0,0
"TCGA-30-1855",1,75,61,1,0,0,0,0,0,0,0,0,0,0,0
"TCGA-30-1856",1,477,56,1,0,0,0,0,0,0,0,0,0,0,0
"TCGA-30-1857",1,8,64,1,0,1,0,0,0,0,0,0,0,0,0
"TCGA-30-1859",1,1463,56,1,0,0,0,0,0,0,0,0,0,0,0
"TCGA-30-1860",1,1366,58,1,0,0,0,0,0,0,0,0,0,0,0
"TCGA-30-1861",1,1058,74,1,0,0,0,0,0,0,0,0,0,0,0
"TCGA-30-1862",1,186,65,1,0,1,0,0,0,0,1,0,0,0,0
"TCGA-30-1866",1,1114,61,1,0,1,0,0,0,0,1,0,0,0,0
"TCGA-30-1867",1,37,46,1,0,1,0,0,0,0,0,0,1,0,0
"TCGA-30-1880",1,1751,56,1,0,0,0,0,0,0,0,0,0,0,0
"TCGA-30-1887",1,738,67,1,0,0,0,0,0,0,1,0,0,0,0
"TCGA-30-1891",1,914,61,1,0,0,0,0,0,0,1,0,0,0,0
"TCGA-30-1892",1,1484,52,1,0,0,0,0,0,0,0,0,0,0,0
"TCGA-31-1944",0,1386,47,1,0,0,0,0,0,0,0,0,0,0,0
"TCGA-31-1946",0,918,30,1,0,0,0,0,0,0,0,0,0,0,0
"TCGA-31-1950",0,571,76,1,0,0,0,0,0,0,1,0,0,0,0
"TCGA-31-1951",0,684,58,1,0,0,0,0,0,0,0,0,0,0,0
"TCGA-31-1953",0,204,52,1,0,0,0,0,0,0,0,0,0,0,0
"TCGA-31-1955",0,1293,43,1,0,0,0,0,0,0,0,0,0,0,0
"TCGA-31-1956",0,1342,60,1,1,0,0,0,0,0,0,0,0,0,0
"TCGA-31-1959",0,67,49,1,0,1,0,0,0,0,1,0,0,0,0
"TCGA-36-1568",0,875,52,1,0,0,0,0,0,0,0,0,0,0,0
"TCGA-36-1569",0,885,52,1,0,0,0,0,0,0,0,0,0,0,0
"TCGA-36-1570",0,655,49,1,0,0,0,0,0,0,0,0,0,0,0
"TCGA-36-1571",1,695,53,1,1,0,0,0,0,0,0,0,0,0,0
"TCGA-36-1574",0,686,48,1,0,0,0,0,0,0,0,0,0,0,0
"TCGA-36-1575",0,260,83,1,1,0,0,0,0,0,0,0,0,0,0
"TCGA-36-1576",0,915,76,1,0,0,0,0,0,0,0,0,0,0,0
"TCGA-36-1577",0,783,43,1,0,0,1,0,0,0,1,0,0,0,0
"TCGA-36-1578",0,847,63,1,0,1,0,0,0,0,0,0,0,0,0
"TCGA-36-1580",1,737,82,1,0,0,0,0,0,0,0,0,0,0,0
"TCGA-36-1581",0,751,63,1,0,0,1,0,0,0,0,0,0,0,0
"TCGA-36-2529",0,1066,71,1,0,0,0,0,0,0,0,0,0,0,0
"TCGA-36-2530",0,1004,38,1,0,0,0,0,0,0,0,0,0,0,0
"TCGA-36-2532",0,897,61,1,0,0,0,0,0,0,0,0,0,0,0
"TCGA-36-2534",0,907,72,1,0,0,0,0,0,0,0,0,0,0,0
"TCGA-36-2537",0,788,39,1,0,0,0,0,0,0,0,0,0,0,0
"TCGA-36-2538",0,763,37,1,0,0,0,0,0,0,0,0,0,0,0
"TCGA-36-2540",0,724,26,1,0,0,0,0,0,0,0,1,0,0,0
"TCGA-36-2542",0,657,59,1,0,0,0,0,0,0,0,0,0,0,0
"TCGA-36-2543",1,68,85,1,0,0,0,0,0,0,0,0,0,0,0
"TCGA-36-2544",0,638,58,1,0,0,0,0,0,0,0,0,0,0,0
"TCGA-36-2545",0,557,42,1,0,0,0,0,0,0,0,0,0,0,0
"TCGA-36-2547",0,624,64,1,0,0,0,0,0,0,0,0,0,0,0
"TCGA-36-2548",0,431,57,1,0,0,0,0,0,0,0,0,0,0,0
"TCGA-36-2549",0,184,54,1,0,0,0,0,0,0,0,0,0,0,0
"TCGA-36-2551",0,492,57,1,0,0,0,0,0,0,0,0,0,0,0
"TCGA-36-2552",0,349,64,1,0,0,0,0,0,0,0,0,0,0,0
"TCGA-42-2582",1,435,49,1,0,0,0,0,0,0,0,0,0,0,0
"TCGA-42-2587",0,276,75,1,0,0,0,0,0,0,0,0,0,0,0
"TCGA-42-2588",1,287,61,1,0,0,0,0,0,0,0,0,0,0,0
"TCGA-42-2589",0,230,54,1,0,0,0,0,0,0,0,0,0,0,0
"TCGA-42-2590",1,227,57,1,0,0,0,0,0,0,1,0,0,0,0
"TCGA-42-2591",0,232,51,1,0,0,0,0,0,0,0,0,1,0,0
"TCGA-42-2593",1,45,67,1,0,0,0,0,0,0,0,0,0,0,0
"TCGA-57-1582",1,731,50,1,0,0,0,0,0,0,0,0,0,0,0
"TCGA-57-1583",1,346,57,1,0,0,0,0,0,0,0,0,0,0,0
"TCGA-57-1584",0,643,47,1,0,0,0,0,0,0,0,0,0,0,0
"TCGA-57-1585",1,53,57,1,0,0,0,0,0,0,0,0,0,0,0
"TCGA-57-1586",0,679,66,1,0,0,0,0,0,0,0,0,0,0,0
"TCGA-57-1992",0,882,62,1,0,0,0,0,0,0,0,0,0,0,0
"TCGA-57-1993",0,763,56,1,0,0,0,0,0,0,0,0,0,0,0
"TCGA-57-1994",0,761,63,1,0,0,0,0,0,0,0,0,0,0,0
"TCGA-59-2348",0,5481,59,1,0,0,0,0,0,0,0,0,0,0,0
"TCGA-59-2349",1,2437,71,1,0,0,0,0,0,0,0,0,0,0,0
"TCGA-59-2350",1,679,44,1,0,1,0,0,0,0,0,0,0,0,0
"TCGA-59-2351",0,3532,51,1,0,0,0,0,0,0,0,0,0,0,0
"TCGA-59-2352",1,286,78,1,0,0,0,0,0,0,0,0,0,0,0
"TCGA-59-2354",1,1046,63,1,0,0,0,0,0,0,0,0,0,0,0
"TCGA-59-2355",1,65,58,1,0,1,0,0,0,0,0,0,0,0,0
"TCGA-59-2363",0,165,40,1,0,0,0,1,0,0,0,0,0,0,0
"TCGA-59-2372",1,1363,73,1,0,0,0,0,0,0,1,0,0,0,0
"TCGA-61-1721",0,338,38,1,0,0,0,0,0,0,0,1,0,0,0
"TCGA-61-1722",0,246,89,1,0,0,0,0,0,0,0,0,0,0,0
"TCGA-61-1724",1,637,47,1,0,0,0,0,0,0,0,0,0,0,0
"TCGA-61-1725",0,956,40,1,0,0,0,0,0,0,0,0,0,0,0
"TCGA-61-1727",0,564,74,1,0,0,0,0,0,0,0,0,0,0,0
"TCGA-61-1728",0,848,59,1,0,1,0,0,0,0,0,0,0,0,0
"TCGA-61-1730",1,132,78,1,0,0,0,0,0,0,0,0,0,0,0
"TCGA-61-1733",0,967,71,1,0,0,0,0,0,0,0,0,0,0,0
"TCGA-61-1734",0,866,52,1,0,0,0,0,0,0,0,0,0,0,0
"TCGA-61-1736",1,1484,45,1,0,0,0,0,0,0,0,0,0,0,0
"TCGA-61-1737",0,1364,42,1,0,1,0,0,0,0,0,0,0,0,0
"TCGA-61-1738",1,1089,60,1,0,0,0,0,0,0,0,0,0,0,0
"TCGA-61-1740",1,74,71,1,0,0,0,0,0,0,0,0,0,0,0
"TCGA-61-1741",1,1024,76,1,1,0,0,0,0,0,0,0,0,0,0
"TCGA-61-1743",1,1329,53,1,0,0,1,0,0,0,1,0,0,0,0
"TCGA-61-1895",0,44,52,1,1,0,0,0,0,0,0,0,0,0,0
"TCGA-61-1899",0,256,81,1,0,0,0,0,0,0,0,0,0,0,0
"TCGA-61-1900",0,176,51,1,1,0,0,0,0,0,0,0,0,0,0
"TCGA-61-1901",1,347,65,1,0,1,0,0,0,0,0,0,0,0,0
"TCGA-61-1903",0,396,55,1,0,0,0,0,0,0,0,0,0,0,0
"TCGA-61-1904",0,276,60,1,0,0,0,0,0,0,0,0,0,0,0
"TCGA-61-1906",1,1038,55,1,0,0,0,0,0,0,0,0,0,0,0
"TCGA-61-1907",0,952,63,1,0,0,0,0,0,0,0,0,0,0,0
"TCGA-61-1910",0,1127,56,1,0,0,1,0,0,0,0,0,0,0,0
"TCGA-61-1911",0,1293,55,1,0,0,0,0,0,1,0,0,0,0,0
"TCGA-61-1913",0,1488,48,1,1,0,0,0,0,0,0,0,0,0,0
"TCGA-61-1914",0,1722,65,1,0,0,0,0,0,0,0,0,0,0,0
"TCGA-61-1915",0,2061,50,1,0,0,1,0,0,0,0,0,0,0,0
"TCGA-61-1917",1,1321,60,1,1,0,0,0,0,0,0,0,0,0,0
"TCGA-61-1918",1,479,45,1,0,1,0,0,0,0,0,0,0,0,0
"TCGA-61-1919",1,1161,58,1,0,0,0,0,0,0,1,0,0,0,0
"TCGA-61-1995",0,61,43,1,0,0,0,0,0,0,0,0,0,0,0
"TCGA-61-1998",0,168,48,1,0,0,0,0,0,0,0,0,0,0,0
"TCGA-61-2000",0,441,67,1,0,0,0,0,0,0,0,0,0,0,0
"TCGA-61-2002",0,547,46,1,0,0,0,0,0,0,0,0,0,0,0
"TCGA-61-2003",0,122,53,1,0,0,0,0,0,0,1,0,0,0,0
"TCGA-61-2008",0,932,40,1,0,0,1,0,0,0,1,0,0,0,0
"TCGA-61-2009",0,1212,65,1,0,0,0,0,0,0,0,0,0,0,0
"TCGA-61-2012",0,932,81,1,0,0,1,0,0,0,1,0,0,0,0
"TCGA-61-2016",1,36,51,1,0,0,0,0,0,0,0,0,0,0,0
"TCGA-61-2017",0,1398,64,1,0,0,0,0,0,0,0,1,0,0,0
"TCGA-61-2018",0,1381,62,1,0,0,0,0,0,0,0,0,0,0,0
"TCGA-61-2087",0,146,49,1,0,0,0,0,0,0,0,0,0,0,0
"TCGA-61-2088",0,145,51,1,0,0,0,0,0,0,0,0,0,0,0
"TCGA-61-2092",0,1573,57,1,0,0,0,0,0,0,0,0,0,0,0
"TCGA-61-2094",0,2182,63,1,0,0,0,0,0,0,0,0,0,0,0
"TCGA-61-2095",1,1875,54,1,0,0,0,0,0,0,1,0,0,0,0
"TCGA-61-2096",0,1776,56,1,0,0,0,0,0,0,1,0,0,0,0
"TCGA-61-2097",0,1844,71,1,0,0,1,0,0,0,1,0,0,0,0
"TCGA-61-2098",0,1993,62,1,0,0,0,0,0,0,1,0,0,0,0
"TCGA-61-2101",1,1688,55,1,0,0,0,0,0,0,1,0,0,0,0
"TCGA-61-2102",1,197,74,1,0,0,0,0,0,0,0,0,0,0,0
"TCGA-61-2104",0,2338,53,1,0,0,1,0,0,0,1,0,0,0,0
"TCGA-61-2109",1,629,40,1,0,0,0,0,0,0,0,0,0,0,0
"TCGA-61-2110",1,1354,56,1,0,0,0,0,0,0,0,0,0,0,0
"TCGA-61-2111",0,3825,61,1,0,1,0,0,0,0,0,0,0,0,0
"TCGA-61-2113",1,676,53,1,0,0,1,0,0,0,0,0,0,0,0
"TCGA-61-2612",1,193,63,1,0,0,0,0,0,0,0,0,0,0,0
"TCGA-61-2613",1,945,73,1,0,0,0,0,0,0,0,0,0,0,0
"TCGA-61-2614",1,262,71,1,0,0,0,0,0,0,0,0,0,0,0
